{
    "asset": {
        "version": "2.0",
        "generator": "Open Asset Import Library (assimp v5.4.0)"
    },
    "extensionsUsed": [
        "KHR_materials_volume",
        "FB_ngon_encoding"
    ],
    "accessors": [
        {
            "bufferView": 0,
            "byteOffset": 0,
            "componentType": 5126,
            "count": 3860,
            "type": "VEC3",
            "max": [
                0.3643326461315155,
                1.2818189859390259,
                1.4846138954162598
            ],
            "min": [
                -0.3643326759338379,
                -0.0008431802853010595,
                -1.4299674034118652
            ]
        },
        {
            "bufferView": 1,
            "byteOffset": 0,
            "componentType": 5126,
            "count": 3860,
            "type": "VEC3",
            "max": [
                0.9999938011169434,
                0.9999958276748657,
                0.9997403025627136
            ],
            "min": [
                -0.9999938011169434,
                -1.0,
                -0.9999127388000488
            ]
        },
        {
            "bufferView": 2,
            "byteOffset": 0,
            "componentType": 5126,
            "count": 3860,
            "type": "VEC2",
            "max": [
                0.8870574235916138,
                0.7241918444633484
            ],
            "min": [
                -0.000039313617890002206,
                0.02421736717224121
            ]
        },
        {
            "bufferView": 3,
            "byteOffset": 0,
            "componentType": 5125,
            "count": 7614,
            "type": "SCALAR",
            "max": [
                3859
            ],
            "min": [
                0
            ]
        },
        {
            "bufferView": 4,
            "byteOffset": 0,
            "componentType": 5123,
            "count": 3860,
            "type": "VEC4",
            "max": [
                32,
                32,
                32,
                30
            ],
            "min": [
                1,
                0,
                0,
                0
            ]
        },
        {
            "bufferView": 5,
            "byteOffset": 0,
            "componentType": 5126,
            "count": 3860,
            "type": "VEC4",
            "max": [
                1.0,
                0.5,
                0.29456189274787903,
                0.1940208077430725
            ],
            "min": [
                0.2759146988391876,
                0.0,
                0.0,
                0.0
            ]
        },
        {
            "bufferView": 6,
            "byteOffset": 0,
            "componentType": 5126,
            "count": 33,
            "type": "MAT4",
            "max": [
                1.0,
                0.07654768228530884,
                0.0017894454067572951,
                0.0,
                0.062196120619773865,
                1.0,
                1.000000238418579,
                0.0,
                0.04462273791432381,
                0.9947195649147034,
                1.0,
                0.0,
                0.2518238425254822,
                1.1647802591323853,
                1.2872545719146729,
                1.0
            ],
            "min": [
                0.9970659017562866,
                -0.07654768228530884,
                -0.001789443544112146,
                0.0,
                -0.06219612807035446,
                -0.9986728429794312,
                -0.9947195053100586,
                0.0,
                -0.04462273418903351,
                -1.0000001192092896,
                -0.9986727833747864,
                0.0,
                -0.2518238127231598,
                -1.3054734468460083,
                -1.4078822135925293,
                1.0
            ]
        }
    ],
    "buffers": [
        {
            "byteLength": 279608,
            "uri": "tiger_0.bin"
        }
    ],
    "bufferViews": [
        {
            "buffer": 0,
            "byteOffset": 0,
            "byteLength": 46320,
            "target": 34962
        },
        {
            "buffer": 0,
            "byteOffset": 46320,
            "byteLength": 46320,
            "target": 34962
        },
        {
            "buffer": 0,
            "byteOffset": 92640,
            "byteLength": 30880,
            "target": 34962
        },
        {
            "buffer": 0,
            "byteOffset": 123520,
            "byteLength": 30456,
            "target": 34963
        },
        {
            "buffer": 0,
            "byteOffset": 153976,
            "byteLength": 30880
        },
        {
            "buffer": 0,
            "byteOffset": 215736,
            "byteLength": 61760
        },
        {
            "buffer": 0,
            "byteOffset": 277496,
            "byteLength": 2112
        }
    ],
    "images": [
        {
            "uri": "textures/image_tiger.png"
        }
    ],
    "materials": [
        {
            "name": "material",
            "pbrMetallicRoughness": {
                "baseColorTexture": {
                    "index": 0
                },
                "metallicFactor": 0.0,
                "roughnessFactor": 0.5527864098548889
            },
            "doubleSided": true
        }
    ],
    "meshes": [
        {
            "name": "meshes[0]",
            "primitives": [
                {
                    "mode": 4,
                    "material": 0,
                    "indices": 3,
                    "attributes": {
                        "POSITION": 0,
                        "NORMAL": 1,
                        "TEXCOORD_0": 2,
                        "JOINTS_0": 4,
                        "WEIGHTS_0": 5
                    }
                }
            ]
        }
    ],
    "nodes": [
        {
            "name": "tiger",
            "children": [
                1
            ]
        },
        {
            "name": "tiger_node",
            "children": [
                2,
                35
            ],
            "extras": {
                "name": "tiger"
            }
        },
        {
            "name": "Root",
            "children": [
                3
            ],
            "extras": {
                "name": "Root"
            }
        },
        {
            "name": "spine007",
            "matrix": [
                1.0,
                2.3707080742951803e-7,
                -2.531533738192593e-8,
                0.0,
                2.1137234554346497e-14,
                -0.1061803475022316,
                -0.9943469166755676,
                0.0,
                -2.3841860752327193e-7,
                0.9943469166755676,
                -0.1061803475022316,
                0.0,
                2.3345585926022084e-16,
                1.1182596683502197,
                0.5460341572761536,
                1.0
            ],
            "children": [
                4,
                8,
                24,
                31
            ],
            "extras": {
                "name": "spine.007"
            }
        },
        {
            "name": "thighR",
            "matrix": [
                1.0,
                2.3445153374268557e-7,
                -1.9464170009086956e-7,
                0.0,
                -2.2908797348009102e-7,
                0.15725168585777283,
                -0.9875585436820984,
                0.0,
                -2.009268627034544e-7,
                0.9875586032867432,
                0.15725170075893402,
                0.0,
                0.18334530293941498,
                -0.0096345916390419,
                0.018598182126879692,
                1.0
            ],
            "children": [
                5
            ],
            "extras": {
                "name": "thigh.R"
            }
        },
        {
            "name": "shinR",
            "matrix": [
                0.9991816878318787,
                0.030283786356449127,
                -0.026811940595507622,
                0.0,
                -0.040407732129096985,
                0.7767056822776794,
                -0.6285660266876221,
                0.0,
                0.0017896267818287015,
                0.6291351318359375,
                0.7772938013076782,
                0.0,
                1.9946226004208256e-8,
                0.5854102969169617,
                3.265552805942207e-8,
                1.0
            ],
            "children": [
                6
            ],
            "extras": {
                "name": "shin.R"
            }
        },
        {
            "name": "footR",
            "matrix": [
                0.9991816878318787,
                -0.04040778800845146,
                0.001789576606824994,
                0.0,
                0.020902613177895546,
                0.5537348985671997,
                0.8324307203292847,
                0.0,
                -0.034627627581357956,
                -0.8317121267318726,
                0.5541263818740845,
                0.0,
                -5.587935447692871e-9,
                0.358574241399765,
                -3.6612618714571e-8,
                1.0
            ],
            "children": [
                7
            ],
            "extras": {
                "name": "foot.R"
            }
        },
        {
            "name": "toeR",
            "matrix": [
                1.0,
                -2.2219116146970919e-7,
                -1.547120547229497e-7,
                0.0,
                2.2222980078367982e-7,
                0.3471844792366028,
                0.9377968311309814,
                0.0,
                -1.546565471244321e-7,
                -0.9377967715263367,
                0.3471844494342804,
                0.0,
                -7.335742679970281e-9,
                0.24364596605300903,
                3.4275714710929606e-8,
                1.0
            ],
            "extras": {
                "name": "toe.R"
            }
        },
        {
            "name": "spine008",
            "matrix": [
                1.0,
                -2.7951433168027506e-8,
                -1.644137825884684e-9,
                0.0,
                2.7951433168027506e-8,
                0.9931039810180664,
                0.11723680794239044,
                0.0,
                -1.6441369377062642e-9,
                -0.11723680794239044,
                0.9931039810180664,
                0.0,
                3.04315221025947e-14,
                0.32596588134765625,
                1.2665987014770508e-7,
                1.0
            ],
            "children": [
                9
            ],
            "extras": {
                "name": "spine.008"
            }
        },
        {
            "name": "spine009",
            "matrix": [
                1.0,
                -3.798987435743584e-8,
                -3.0461111411028696e-9,
                0.0,
                3.798987435743584e-8,
                0.9872236847877502,
                0.15934108197689056,
                0.0,
                -3.046154217756225e-9,
                -0.15934108197689056,
                0.9872236847877502,
                0.0,
                -1.2839420282170777e-14,
                0.3498135507106781,
                -5.48316165804863e-8,
                1.0
            ],
            "children": [
                10,
                14,
                19
            ],
            "extras": {
                "name": "spine.009"
            }
        },
        {
            "name": "spine010",
            "matrix": [
                1.0,
                7.000533486234417e-8,
                -1.0509210390807766e-8,
                0.0,
                -7.000532065148946e-8,
                0.9559209942817688,
                -0.29362353682518005,
                0.0,
                -1.0509238812517196e-8,
                0.29362356662750244,
                0.9559210538864136,
                0.0,
                -1.2201042043011312e-14,
                0.35853052139282227,
                -4.470348358154297e-8,
                1.0
            ],
            "children": [
                11
            ],
            "extras": {
                "name": "spine.010"
            }
        },
        {
            "name": "spine011",
            "matrix": [
                1.0,
                1.3762071482403826e-8,
                -3.975500206809812e-10,
                0.0,
                -1.3762072370582246e-8,
                0.9983326196670532,
                -0.057722318917512894,
                0.0,
                -3.9749145641643224e-10,
                0.057722318917512894,
                0.9983326196670532,
                0.0,
                2.5102451584393948e-14,
                0.23053760826587677,
                8.940696716308594e-8,
                1.0
            ],
            "children": [
                12
            ],
            "extras": {
                "name": "spine.011"
            }
        },
        {
            "name": "spine012",
            "matrix": [
                1.0,
                1.0332862387940622e-7,
                -2.355437622725276e-8,
                0.0,
                -1.0332860256312415e-7,
                0.9012056589126587,
                -0.4333915710449219,
                0.0,
                -2.3554420636173745e-8,
                0.43339160084724426,
                0.9012057185173035,
                0.0,
                -1.7180116853340692e-14,
                0.19703048467636108,
                -7.450580596923828e-8,
                1.0
            ],
            "children": [
                13
            ],
            "extras": {
                "name": "spine.012"
            }
        },
        {
            "name": "jaw",
            "matrix": [
                1.0,
                -3.9583202493531644e-8,
                -3.308848306460277e-9,
                0.0,
                3.9583198940817965e-8,
                0.986121654510498,
                0.16602398455142975,
                0.0,
                -3.3088340956055617e-9,
                -0.16602399945259094,
                0.9861217141151428,
                0.0,
                -2.7823489290312864e-8,
                0.48402971029281616,
                -0.1167001724243164,
                1.0
            ],
            "extras": {
                "name": "jaw"
            }
        },
        {
            "name": "shoulderR",
            "matrix": [
                1.0,
                2.3782253322224278e-7,
                -2.2094441476383508e-7,
                0.0,
                -2.3344007615833107e-7,
                0.05389202758669853,
                -0.9985467791557312,
                0.0,
                -2.2556974954568432e-7,
                0.9985467195510864,
                0.053892023861408234,
                0.0,
                0.22171935439109802,
                0.3392370343208313,
                -0.013625056482851505,
                1.0
            ],
            "children": [
                15
            ],
            "extras": {
                "name": "shoulder.R"
            }
        },
        {
            "name": "front_thighR",
            "matrix": [
                0.9970659613609314,
                -0.05066892132163048,
                0.057377539575099945,
                0.0,
                0.07654751092195511,
                0.6599880456924438,
                -0.7473663091659546,
                0.0,
                -2.6309319878237147e-7,
                0.749565601348877,
                0.6619302034378052,
                0.0,
                -0.038374029099941254,
                0.4363868832588196,
                0.00003424385795369744,
                1.0
            ],
            "children": [
                16
            ],
            "extras": {
                "name": "front_thigh.R"
            }
        },
        {
            "name": "front_shinR",
            "matrix": [
                0.9970659017562866,
                0.07654745131731033,
                4.657083607639834e-9,
                0.0,
                -0.06808499246835709,
                0.8868383169174194,
                0.4570363163948059,
                0.0,
                0.03498496115207672,
                -0.45569533109664917,
                0.8894479870796204,
                0.0,
                -1.862645149230957e-9,
                0.3276214599609375,
                2.7746324349209317e-8,
                1.0
            ],
            "children": [
                17
            ],
            "extras": {
                "name": "front_shin.R"
            }
        },
        {
            "name": "front_footR",
            "matrix": [
                1.0,
                -2.3225481982080964e-7,
                -6.97025370755e-8,
                0.0,
                2.354967563178434e-7,
                0.8616512417793274,
                0.5075008869171143,
                0.0,
                -5.7810250808643104e-8,
                -0.5075008273124695,
                0.8616511225700378,
                0.0,
                -1.157160589571049e-9,
                0.2378857135772705,
                -6.26708640538709e-9,
                1.0
            ],
            "children": [
                18
            ],
            "extras": {
                "name": "front_foot.R"
            }
        },
        {
            "name": "front_toeR",
            "matrix": [
                1.0,
                -4.343929731476237e-7,
                -2.8017387876388966e-7,
                0.0,
                4.343929731476237e-7,
                0.41243284940719604,
                0.9109879732131958,
                0.0,
                -2.8017385034218023e-7,
                -0.9109879732131958,
                0.41243281960487366,
                0.0,
                -8.170265353157902e-9,
                0.17621970176696777,
                -2.1827723628575768e-8,
                1.0
            ],
            "extras": {
                "name": "front_toe.R"
            }
        },
        {
            "name": "shoulderL",
            "matrix": [
                1.0,
                -2.3832176054838783e-7,
                -2.466422301949933e-7,
                0.0,
                -2.3344016142345936e-7,
                0.05389202758669853,
                -0.9985467791557312,
                0.0,
                2.5126746550085954e-7,
                0.9985467195510864,
                0.053892023861408234,
                0.0,
                -0.22171935439109802,
                0.3392370045185089,
                -0.013624942861497402,
                1.0
            ],
            "children": [
                20
            ],
            "extras": {
                "name": "shoulder.L"
            }
        },
        {
            "name": "front_thighL",
            "matrix": [
                0.9970659613609314,
                0.05066894367337227,
                -0.05737754702568054,
                0.0,
                -0.0765475332736969,
                0.6599880456924438,
                -0.7473663091659546,
                0.0,
                2.5051690499822143e-7,
                0.749565601348877,
                0.6619302034378052,
                0.0,
                0.03837403655052185,
                0.4363867938518524,
                0.0000341991544701159,
                1.0
            ],
            "children": [
                21
            ],
            "extras": {
                "name": "front_thigh.L"
            }
        },
        {
            "name": "front_shinL",
            "matrix": [
                0.9970659017562866,
                -0.07654745131731033,
                -4.657083607639834e-9,
                0.0,
                0.06808499246835709,
                0.8868383169174194,
                0.4570363163948059,
                0.0,
                -0.03498496115207672,
                -0.45569533109664917,
                0.8894479870796204,
                0.0,
                2.421438694000244e-8,
                0.3276214599609375,
                -4.228411398798926e-9,
                1.0
            ],
            "children": [
                22
            ],
            "extras": {
                "name": "front_shin.L"
            }
        },
        {
            "name": "front_footL",
            "matrix": [
                1.0,
                2.3074635180364567e-7,
                6.676680897044207e-8,
                0.0,
                -2.3270709448297566e-7,
                0.8616512417793274,
                0.5075008869171143,
                0.0,
                5.95742655207232e-8,
                -0.5075008273124695,
                0.8616511225700378,
                0.0,
                1.6635928190567029e-9,
                0.2378857284784317,
                -1.329497933966195e-8,
                1.0
            ],
            "children": [
                23
            ],
            "extras": {
                "name": "front_foot.L"
            }
        },
        {
            "name": "front_toeL",
            "matrix": [
                1.0,
                4.3439302999104257e-7,
                2.801739071855991e-7,
                0.0,
                -4.3439302999104257e-7,
                0.41243284940719604,
                0.9109879732131958,
                0.0,
                2.801739071855991e-7,
                -0.9109879732131958,
                0.41243281960487366,
                0.0,
                8.170283116726296e-9,
                0.17621970176696777,
                -2.9133737200481846e-8,
                1.0
            ],
            "extras": {
                "name": "front_toe.L"
            }
        },
        {
            "name": "spine006",
            "matrix": [
                1.0,
                1.899639840985401e-7,
                -3.824918621830875e-7,
                0.0,
                -1.899639840985401e-7,
                -0.6042872667312622,
                -0.7967667579650879,
                0.0,
                -3.8249191902650637e-7,
                0.7967667579650879,
                -0.6042872667312622,
                0.0,
                1.1186680470842703e-9,
                -0.1510063111782074,
                0.0046920329332351685,
                1.0
            ],
            "children": [
                25
            ],
            "extras": {
                "name": "spine.006"
            }
        },
        {
            "name": "spine005",
            "matrix": [
                1.0,
                -1.2112425906707358e-7,
                -3.3059524895406867e-8,
                0.0,
                1.2112425906707358e-7,
                0.8613383769989014,
                0.508031964302063,
                0.0,
                -3.3059556869829976e-8,
                -0.508031964302063,
                0.8613383769989014,
                0.0,
                2.220446049250313e-16,
                0.30700212717056274,
                0.0,
                1.0
            ],
            "children": [
                26
            ],
            "extras": {
                "name": "spine.005"
            }
        },
        {
            "name": "spine004",
            "matrix": [
                1.0,
                1.9328174616362048e-8,
                -7.847607563782333e-10,
                0.0,
                -1.9328174616362048e-8,
                0.9967085123062134,
                -0.0810682475566864,
                0.0,
                -7.847235083957571e-10,
                0.0810682475566864,
                0.9967085123062134,
                0.0,
                -3.3306690738754696e-15,
                0.24534247815608978,
                0.0,
                1.0
            ],
            "children": [
                27
            ],
            "extras": {
                "name": "spine.004"
            }
        },
        {
            "name": "spine003",
            "matrix": [
                1.0,
                3.474431764516339e-8,
                -2.545195831871183e-9,
                0.0,
                -3.474431409244971e-8,
                0.9893246293067932,
                -0.1457282155752182,
                0.0,
                -2.5452029372985407e-9,
                0.1457282304763794,
                0.989324688911438,
                0.0,
                2.193360307289373e-14,
                0.22252094745635986,
                8.940696716308594e-8,
                1.0
            ],
            "children": [
                28
            ],
            "extras": {
                "name": "spine.003"
            }
        },
        {
            "name": "spine002",
            "matrix": [
                1.0,
                8.410237484213212e-8,
                -1.532617233124256e-8,
                0.0,
                -8.41023606312774e-8,
                0.9357172250747681,
                -0.35275086760520935,
                0.0,
                -1.5326222069234063e-8,
                0.35275089740753174,
                0.9357172846794128,
                0.0,
                -6.488106357510279e-15,
                0.18786272406578064,
                -2.9802322387695313e-8,
                1.0
            ],
            "children": [
                29
            ],
            "extras": {
                "name": "spine.002"
            }
        },
        {
            "name": "spine001",
            "matrix": [
                1.0,
                2.7091289211966796e-7,
                4.235468509250495e-7,
                0.0,
                -9.030419079181229e-8,
                0.925493597984314,
                -0.37876322865486145,
                0.0,
                -4.94601749778667e-7,
                0.37876322865486145,
                0.925493597984314,
                0.0,
                -1.004082003631078e-14,
                0.1382341980934143,
                -8.940696716308594e-8,
                1.0
            ],
            "children": [
                30
            ],
            "extras": {
                "name": "spine.001"
            }
        },
        {
            "name": "spine",
            "matrix": [
                1.0,
                6.976667918934254e-7,
                0.0000018129031786884298,
                0.0,
                -1.9026914799269434e-7,
                0.963968813419342,
                -0.26601526141166687,
                0.0,
                -0.000001933172143253614,
                0.2660152316093445,
                0.9639687538146973,
                0.0,
                -5.575935306062702e-15,
                0.12837663292884827,
                -2.9802322387695313e-8,
                1.0
            ],
            "extras": {
                "name": "spine"
            }
        },
        {
            "name": "thighL",
            "matrix": [
                1.0,
                -2.364530757859029e-7,
                -2.696251613087952e-7,
                0.0,
                -2.2908797348009102e-7,
                0.15725168585777283,
                -0.9875585436820984,
                0.0,
                2.759102812888159e-7,
                0.9875586032867432,
                0.15725170075893402,
                0.0,
                -0.18334530293941498,
                -0.0096345916390419,
                0.018598267808556557,
                1.0
            ],
            "children": [
                32
            ],
            "extras": {
                "name": "thigh.L"
            }
        },
        {
            "name": "shinL",
            "matrix": [
                0.9991816878318787,
                -0.030283769592642784,
                0.026811938732862473,
                0.0,
                0.04040771722793579,
                0.7767056822776794,
                -0.6285660266876221,
                0.0,
                -0.0017896352801471949,
                0.6291351318359375,
                0.7772938013076782,
                0.0,
                -1.2571655716442365e-8,
                0.5854102969169617,
                3.265552805942207e-8,
                1.0
            ],
            "children": [
                33
            ],
            "extras": {
                "name": "shin.L"
            }
        },
        {
            "name": "footL",
            "matrix": [
                0.9991816878318787,
                0.04040778428316116,
                -0.0017895783530548215,
                0.0,
                -0.020902609452605247,
                0.5537348985671997,
                0.8324307203292847,
                0.0,
                0.03462762385606766,
                -0.8317121267318726,
                0.5541263818740845,
                0.0,
                6.51925802230835e-9,
                0.358574241399765,
                -3.693276084959507e-8,
                1.0
            ],
            "children": [
                34
            ],
            "extras": {
                "name": "foot.L"
            }
        },
        {
            "name": "toeL",
            "matrix": [
                1.0,
                2.228896676115255e-7,
                1.5762245197947777e-7,
                0.0,
                -2.2520165998685115e-7,
                0.3471844792366028,
                0.9377968311309814,
                0.0,
                1.5430116206971434e-7,
                -0.9377967715263367,
                0.3471844494342804,
                0.0,
                9.253966481992393e-9,
                0.24364596605300903,
                3.362430334163946e-8,
                1.0
            ],
            "extras": {
                "name": "toe.L"
            }
        },
        {
            "name": "tiger_001",
            "mesh": 0,
            "skin": 0,
            "extras": {
                "name": "tiger_001"
            }
        }
    ],
    "samplers": [
        {
            "magFilter": 9729,
            "minFilter": 9987
        }
    ],
    "scenes": [
        {
            "nodes": [
                0
            ]
        }
    ],
    "skins": [
        {
            "name": "skin",
            "joints": [
                2,
                3,
                4,
                5,
                6,
                7,
                8,
                9,
                10,
                11,
                12,
                13,
                14,
                15,
                16,
                17,
                18,
                19,
                20,
                21,
                22,
                23,
                24,
                25,
                26,
                27,
                28,
                29,
                30,
                31,
                32,
                33,
                34
            ],
            "inverseBindMatrices": 6
        }
    ],
    "textures": [
        {
            "source": 0,
            "sampler": 0
        }
    ],
    "scene": 0
}