{
    "asset": {
        "version": "2.0",
        "generator": "Open Asset Import Library (assimp v5.4.0)"
    },
    "extensionsUsed": [
        "KHR_materials_volume",
        "FB_ngon_encoding"
    ],
    "accessors": [
        {
            "bufferView": 0,
            "byteOffset": 0,
            "componentType": 5126,
            "count": 3273,
            "type": "VEC3",
            "max": [
                0.5310455560684204,
                1.9672410488128662,
                0.7087445259094238
            ],
            "min": [
                -0.5310467481613159,
                -1.341104507446289e-7,
                -0.9709491729736328
            ]
        },
        {
            "bufferView": 1,
            "byteOffset": 0,
            "componentType": 5126,
            "count": 3273,
            "type": "VEC3",
            "max": [
                0.9994549751281738,
                0.9999991655349731,
                0.9988304972648621
            ],
            "min": [
                -0.999315619468689,
                -1.0,
                -0.9999300837516785
            ]
        },
        {
            "bufferView": 2,
            "byteOffset": 0,
            "componentType": 5126,
            "count": 3273,
            "type": "VEC2",
            "max": [
                0.8869513869285583,
                0.9484803080558777
            ],
            "min": [
                0.814220130443573,
                0.337240993976593
            ]
        },
        {
            "bufferView": 3,
            "byteOffset": 0,
            "componentType": 5125,
            "count": 5742,
            "type": "SCALAR",
            "max": [
                3272
            ],
            "min": [
                0
            ]
        },
        {
            "bufferView": 4,
            "byteOffset": 0,
            "componentType": 5123,
            "count": 3273,
            "type": "VEC4",
            "max": [
                31,
                31,
                31,
                29
            ],
            "min": [
                0,
                0,
                0,
                0
            ]
        },
        {
            "bufferView": 5,
            "byteOffset": 0,
            "componentType": 5126,
            "count": 3273,
            "type": "VEC4",
            "max": [
                1.0,
                0.48162564635276794,
                0.28013020753860474,
                0.195096954703331
            ],
            "min": [
                0.28568926453590393,
                0.0,
                0.0,
                0.0
            ]
        },
        {
            "bufferView": 6,
            "byteOffset": 0,
            "componentType": 5126,
            "count": 32,
            "type": "MAT4",
            "max": [
                1.0,
                0.6877603530883789,
                0.0016053325962275267,
                0.0,
                0.6724869608879089,
                0.8831156492233276,
                0.9997339248657227,
                0.0,
                0.14414657652378082,
                0.9977852702140808,
                0.9781426787376404,
                0.0,
                0.8058662414550781,
                0.9227680563926697,
                1.0919331312179565,
                1.0
            ],
            "min": [
                0.7259359955787659,
                -0.6877604722976685,
                -0.0016054143197834492,
                0.0,
                -0.6724870800971985,
                -0.9963241219520569,
                -0.9977855086326599,
                0.0,
                -0.14414645731449127,
                -0.9997339844703674,
                -0.9963248372077942,
                0.0,
                -0.8058658838272095,
                -1.2581058740615845,
                -1.5005180835723877,
                1.0
            ]
        }
    ],
    "buffers": [
        {
            "byteLength": 234488,
            "uri": "deer_0.bin"
        }
    ],
    "bufferViews": [
        {
            "buffer": 0,
            "byteOffset": 0,
            "byteLength": 39276,
            "target": 34962
        },
        {
            "buffer": 0,
            "byteOffset": 39276,
            "byteLength": 39276,
            "target": 34962
        },
        {
            "buffer": 0,
            "byteOffset": 78552,
            "byteLength": 26184,
            "target": 34962
        },
        {
            "buffer": 0,
            "byteOffset": 104736,
            "byteLength": 22968,
            "target": 34963
        },
        {
            "buffer": 0,
            "byteOffset": 127704,
            "byteLength": 26184
        },
        {
            "buffer": 0,
            "byteOffset": 180072,
            "byteLength": 52368
        },
        {
            "buffer": 0,
            "byteOffset": 232440,
            "byteLength": 2048
        }
    ],
    "images": [
        {
            "uri": "image_deer.png"
        }
    ],
    "materials": [
        {
            "name": "material",
            "pbrMetallicRoughness": {
                "baseColorTexture": {
                    "index": 0
                },
                "metallicFactor": 0.0,
                "roughnessFactor": 0.5527864098548889
            },
            "doubleSided": true
        }
    ],
    "meshes": [
        {
            "name": "meshes[0]",
            "primitives": [
                {
                    "mode": 4,
                    "material": 0,
                    "indices": 3,
                    "attributes": {
                        "POSITION": 0,
                        "NORMAL": 1,
                        "TEXCOORD_0": 2,
                        "JOINTS_0": 4,
                        "WEIGHTS_0": 5
                    }
                }
            ]
        }
    ],
    "nodes": [
        {
            "name": "deer",
            "children": [
                1
            ]
        },
        {
            "name": "deer_node",
            "children": [
                2,
                35
            ],
            "extras": {
                "name": "deer"
            }
        },
        {
            "name": "Root",
            "children": [
                3
            ],
            "extras": {
                "name": "Root"
            }
        },
        {
            "name": "spine003",
            "matrix": [
                1.0,
                -2.37398438684977e-7,
                2.2031828805779696e-8,
                0.0,
                -1.914610573490634e-14,
                -0.09240838885307312,
                -0.9957212805747986,
                0.0,
                2.384185791015625e-7,
                0.9957212805747986,
                -0.09240838885307312,
                0.0,
                2.2819591700666965e-16,
                1.027703046798706,
                0.264155775308609,
                1.0
            ],
            "children": [
                4,
                9,
                12,
                30
            ],
            "extras": {
                "name": "spine.003"
            }
        },
        {
            "name": "shoulderR",
            "matrix": [
                1.0,
                -3.5667119391291635e-7,
                5.606667627944262e-7,
                0.0,
                2.5637521616772574e-7,
                -0.5713281035423279,
                -0.8207218647003174,
                0.0,
                6.130524639047508e-7,
                0.8207218647003174,
                -0.5713281035423279,
                0.0,
                0.12700867652893066,
                -0.042014800012111664,
                -0.011072824709117413,
                1.0
            ],
            "children": [
                5
            ],
            "extras": {
                "name": "shoulder.R"
            }
        },
        {
            "name": "thighR",
            "matrix": [
                1.0,
                2.979593318741536e-7,
                4.533556818842044e-7,
                0.0,
                -4.804973059435724e-7,
                0.0984891951084137,
                0.9951381087303162,
                0.0,
                2.5186002972077404e-7,
                -0.9951381087303162,
                0.0984891951084137,
                0.0,
                1.4749716115147748e-8,
                0.2324899286031723,
                3.0760141100927285e-8,
                1.0
            ],
            "children": [
                6
            ],
            "extras": {
                "name": "thigh.R"
            }
        },
        {
            "name": "shinR",
            "matrix": [
                0.9995363354682922,
                0.0033940481953322887,
                0.030259087681770325,
                0.0,
                0.03044884093105793,
                -0.11144053190946579,
                -0.9933045506477356,
                0.0,
                7.636028840352083e-7,
                0.9937653541564941,
                -0.11149220913648605,
                0.0,
                -2.404085819307511e-9,
                0.33333832025527954,
                4.789271201843803e-10,
                1.0
            ],
            "children": [
                7
            ],
            "extras": {
                "name": "shin.R"
            }
        },
        {
            "name": "footR",
            "matrix": [
                0.9988629817962646,
                0.0425129234790802,
                0.021567953750491142,
                0.0,
                -0.03958229348063469,
                0.48750394582748413,
                0.8722230792045593,
                0.0,
                0.026566294953227043,
                -0.8720851540565491,
                0.488632470369339,
                0.0,
                -9.313225746154785e-10,
                0.27520209550857544,
                -1.959811157803415e-8,
                1.0
            ],
            "children": [
                8
            ],
            "extras": {
                "name": "foot.R"
            }
        },
        {
            "name": "toeR",
            "matrix": [
                0.9996944069862366,
                -0.02471928671002388,
                1.2630614776298899e-7,
                0.0,
                0.02263079211115837,
                0.915233850479126,
                0.4022867679595947,
                0.0,
                -0.00994435977190733,
                -0.40216395258903503,
                0.915513813495636,
                0.0,
                -6.51925802230835e-9,
                0.3389844298362732,
                -4.476353865356941e-8,
                1.0
            ],
            "extras": {
                "name": "toe.R"
            }
        },
        {
            "name": "spine002",
            "matrix": [
                1.0,
                -1.227100767664524e-7,
                4.4283382294452167e-7,
                0.0,
                1.2271013360987126e-7,
                -0.857380211353302,
                -0.5146836638450623,
                0.0,
                4.428336524142651e-7,
                0.5146834850311279,
                -0.8573799133300781,
                0.0,
                4.74829564556245e-10,
                -0.1021188274025917,
                -0.001991529017686844,
                1.0
            ],
            "children": [
                10
            ],
            "extras": {
                "name": "spine.002"
            }
        },
        {
            "name": "spine001",
            "matrix": [
                1.0,
                5.071502329201394e-9,
                -2.3839177742956963e-7,
                0.0,
                -2.5357582700280545e-9,
                0.9999434351921082,
                0.010635674931108952,
                0.0,
                2.384322215220891e-7,
                -0.010635674931108952,
                0.9999434351921082,
                0.0,
                5.459400936695929e-15,
                0.16151493787765503,
                -1.4901161193847656e-8,
                1.0
            ],
            "children": [
                11
            ],
            "extras": {
                "name": "spine.001"
            }
        },
        {
            "name": "spine",
            "matrix": [
                1.0,
                -1.8224287146040297e-7,
                3.6200045627765576e-8,
                0.0,
                1.8224292830382183e-7,
                0.9240832924842834,
                -0.3821910619735718,
                0.0,
                3.61997400943892e-8,
                0.3821910619735718,
                0.9240832924842834,
                0.0,
                1.5678679803564875e-14,
                0.10402415692806244,
                0.0,
                1.0
            ],
            "extras": {
                "name": "spine"
            }
        },
        {
            "name": "spine004",
            "matrix": [
                1.0,
                1.6549018155842532e-8,
                5.750252496383723e-10,
                0.0,
                -1.6549016379485693e-8,
                0.997588038444519,
                0.06941162049770355,
                0.0,
                5.750558362827007e-10,
                -0.06941162049770355,
                0.997588038444519,
                0.0,
                -9.635175110837748e-15,
                0.1775842308998108,
                -2.1420419216156006e-8,
                1.0
            ],
            "children": [
                13
            ],
            "extras": {
                "name": "spine.004"
            }
        },
        {
            "name": "spine005",
            "matrix": [
                1.0,
                4.9536428292640267e-8,
                5.202861252939783e-9,
                0.0,
                -4.953642118721291e-8,
                0.9781774878501892,
                0.20777083933353424,
                0.0,
                5.202903441414719e-9,
                -0.20777083933353424,
                0.9781774878501892,
                0.0,
                7.45098800096055e-15,
                0.19384537637233734,
                -3.189779818058014e-8,
                1.0
            ],
            "children": [
                14,
                19,
                25
            ],
            "extras": {
                "name": "spine.005"
            }
        },
        {
            "name": "front_shoulderR",
            "matrix": [
                1.0,
                -4.608449728493724e-7,
                1.1510515918189412e-7,
                0.0,
                2.1757041679393296e-7,
                0.22897814214229584,
                -0.9734315872192383,
                0.0,
                4.222444829338201e-7,
                0.9734315872192383,
                0.22897814214229584,
                0.0,
                0.12234218418598175,
                0.1524353325366974,
                0.020972836762666702,
                1.0
            ],
            "children": [
                15
            ],
            "extras": {
                "name": "front_shoulder.R"
            }
        },
        {
            "name": "front_thighR",
            "matrix": [
                1.0,
                -4.7635381861255155e-7,
                3.5818894161820936e-7,
                0.0,
                4.654514498270146e-7,
                0.24882330000400543,
                -0.9685489535331726,
                0.0,
                3.7224620541564946e-7,
                0.9685489535331726,
                0.24882330000400543,
                0.0,
                -9.136101652984507e-9,
                0.30820006132125854,
                -3.106966062205174e-8,
                1.0
            ],
            "children": [
                16
            ],
            "extras": {
                "name": "front_thigh.R"
            }
        },
        {
            "name": "front_shinR",
            "matrix": [
                0.9999992847442627,
                0.00037146243266761303,
                0.0010577786015346646,
                0.0,
                -0.0011211064411327243,
                0.33099988102912903,
                0.943630039691925,
                0.0,
                3.9846065646997886e-7,
                -0.9436307549476624,
                0.33100011944770813,
                0.0,
                -8.062563949806645e-10,
                0.22862514853477478,
                -1.6168510086345123e-8,
                1.0
            ],
            "children": [
                17
            ],
            "extras": {
                "name": "front_shin.R"
            }
        },
        {
            "name": "front_footR",
            "matrix": [
                0.9999974966049194,
                -0.0021857526153326035,
                0.00047192012425512075,
                0.0,
                0.002189535880461335,
                0.9142591953277588,
                -0.405123770236969,
                0.0,
                0.00045404303818941116,
                0.405123770236969,
                0.9142616391181946,
                0.0,
                -8.11269273981452e-9,
                0.28639334440231323,
                5.2985221543622174e-8,
                1.0
            ],
            "children": [
                18
            ],
            "extras": {
                "name": "front_foot.R"
            }
        },
        {
            "name": "front_toeR",
            "matrix": [
                0.9999993443489075,
                0.0011650603264570236,
                1.9426040864800598e-7,
                0.0,
                -0.0008611284429207444,
                0.7390149235725403,
                0.673688530921936,
                0.0,
                0.0007847440429031849,
                -0.6736879348754883,
                0.7390152812004089,
                0.0,
                -3.798049874603748e-9,
                0.2755541205406189,
                -2.4831976475070405e-8,
                1.0
            ],
            "extras": {
                "name": "front_toe.R"
            }
        },
        {
            "name": "spine006",
            "matrix": [
                1.0,
                1.1212509321012476e-7,
                2.8010941122147415e-8,
                0.0,
                -1.1212509321012476e-7,
                0.8825135827064514,
                0.4702868163585663,
                0.0,
                2.8010918029508503e-8,
                -0.47028684616088867,
                0.8825136423110962,
                0.0,
                1.508952074402714e-8,
                0.22320282459259033,
                -0.06329004466533661,
                1.0
            ],
            "children": [
                20
            ],
            "extras": {
                "name": "spine.006"
            }
        },
        {
            "name": "spine007",
            "matrix": [
                1.0,
                9.42970146411426e-8,
                1.9440298260064992e-8,
                0.0,
                -9.429702174656995e-8,
                0.9184616208076477,
                0.3955104351043701,
                0.0,
                1.9440284049210277e-8,
                -0.39551040530204773,
                0.9184615015983582,
                0.0,
                -5.598426571911145e-15,
                0.21209153532981873,
                5.960464477539063e-8,
                1.0
            ],
            "children": [
                21
            ],
            "extras": {
                "name": "spine.007"
            }
        },
        {
            "name": "spine008",
            "matrix": [
                1.0,
                -8.807229789908888e-8,
                1.6863435092773216e-8,
                0.0,
                8.807230500451624e-8,
                0.9292696714401245,
                -0.36940211057662964,
                0.0,
                1.6863413776491143e-8,
                0.36940208077430725,
                0.9292696118354797,
                0.0,
                -5.598426571911145e-15,
                0.16205036640167236,
                6.705522537231445e-8,
                1.0
            ],
            "children": [
                22
            ],
            "extras": {
                "name": "spine.008"
            }
        },
        {
            "name": "scull",
            "matrix": [
                1.0,
                -2.0298357128467615e-7,
                1.1335421845615201e-7,
                0.0,
                2.0298354286296671e-7,
                0.5245577692985535,
                -0.8513748645782471,
                0.0,
                1.1335428240499823e-7,
                0.8513749837875366,
                0.5245578289031982,
                0.0,
                8.612427719774385e-15,
                0.1427750587463379,
                -2.9802322387695313e-8,
                1.0
            ],
            "children": [
                23,
                24
            ],
            "extras": {
                "name": "scull"
            }
        },
        {
            "name": "earR",
            "matrix": [
                0.7259360551834106,
                0.34510648250579834,
                -0.5949102640151978,
                0.0,
                0.6877602338790894,
                -0.362241268157959,
                0.6291002035140991,
                0.0,
                0.0016055176965892315,
                -0.8658420443534851,
                -0.500314474105835,
                0.0,
                0.11673753708600998,
                -0.08603069186210632,
                0.0830652117729187,
                1.0
            ],
            "extras": {
                "name": "ear.R"
            }
        },
        {
            "name": "earL",
            "matrix": [
                0.7259357571601868,
                -0.3451066315174103,
                0.5949105620384216,
                0.0,
                -0.6877605319023132,
                -0.36224135756492615,
                0.6290998458862305,
                0.0,
                -0.0016053401632234454,
                -0.8658421635627747,
                -0.5003147125244141,
                0.0,
                -0.11673758178949356,
                -0.0860307514667511,
                0.08306513726711273,
                1.0
            ],
            "extras": {
                "name": "ear.L"
            }
        },
        {
            "name": "front_shoulderL",
            "matrix": [
                1.0,
                4.6749161697334785e-7,
                3.3347566841257503e-7,
                0.0,
                2.1757038837222353e-7,
                0.22897814214229584,
                -0.9734315872192383,
                0.0,
                -5.314297482073016e-7,
                0.9734315872192383,
                0.22897814214229584,
                0.0,
                -0.12234218418598175,
                0.15243536233901978,
                0.02097276970744133,
                1.0
            ],
            "children": [
                26
            ],
            "extras": {
                "name": "front_shoulder.L"
            }
        },
        {
            "name": "front_thighL",
            "matrix": [
                1.0,
                4.4732627202392905e-7,
                -3.581889700399188e-7,
                0.0,
                -4.5822875449630374e-7,
                0.24882330000400543,
                -0.9685489535331726,
                0.0,
                -3.4413159255564096e-7,
                0.9685489535331726,
                0.24882330000400543,
                0.0,
                4.877733772445936e-10,
                0.30820009112358093,
                -1.2673559979248239e-9,
                1.0
            ],
            "children": [
                27
            ],
            "extras": {
                "name": "front_thigh.L"
            }
        },
        {
            "name": "front_shinL",
            "matrix": [
                0.9999992847442627,
                -0.00037146243266761303,
                -0.0010577786015346646,
                0.0,
                0.0011211064411327243,
                0.33099988102912903,
                0.943630039691925,
                0.0,
                -3.9846065646997886e-7,
                -0.9436307549476624,
                0.33100011944770813,
                0.0,
                8.062919221174525e-10,
                0.2286251187324524,
                6.183228151712683e-9,
                1.0
            ],
            "children": [
                28
            ],
            "extras": {
                "name": "front_shin.L"
            }
        },
        {
            "name": "front_footL",
            "matrix": [
                0.9999974966049194,
                0.0021857526153326035,
                -0.00047192012425512075,
                0.0,
                -0.002189535880461335,
                0.9142591953277588,
                -0.405123770236969,
                0.0,
                -0.00045404303818941116,
                0.405123770236969,
                0.9142616391181946,
                0.0,
                8.105416782200336e-9,
                0.28639334440231323,
                5.2985221543622174e-8,
                1.0
            ],
            "children": [
                29
            ],
            "extras": {
                "name": "front_foot.L"
            }
        },
        {
            "name": "front_toeL",
            "matrix": [
                0.9999993443489075,
                -0.0011650603264570236,
                -1.9426040864800598e-7,
                0.0,
                0.0008611284429207444,
                0.7390149235725403,
                0.673688530921936,
                0.0,
                -0.0007847440429031849,
                -0.6736879348754883,
                0.7390152812004089,
                0.0,
                3.794411895796657e-9,
                0.2755541205406189,
                -2.4831976475070405e-8,
                1.0
            ],
            "extras": {
                "name": "front_toe.L"
            }
        },
        {
            "name": "shoulderL",
            "matrix": [
                1.0,
                4.260302262082405e-7,
                1.580578157245327e-8,
                0.0,
                2.5637513090259745e-7,
                -0.5713281035423279,
                -0.8207218647003174,
                0.0,
                -3.406220230317558e-7,
                0.8207218647003174,
                -0.5713281035423279,
                0.0,
                -0.12700867652893066,
                -0.042014800012111664,
                -0.011072886176407337,
                1.0
            ],
            "children": [
                31
            ],
            "extras": {
                "name": "shoulder.L"
            }
        },
        {
            "name": "thighL",
            "matrix": [
                1.0,
                -1.7655955275586166e-7,
                -4.5335573872762325e-7,
                0.0,
                4.685407759552618e-7,
                0.0984891951084137,
                0.9951381087303162,
                0.0,
                -1.3105049845307803e-7,
                -0.9951381087303162,
                0.0984891951084137,
                0.0,
                -2.098374807246728e-9,
                0.23249001801013947,
                3.076012689007257e-8,
                1.0
            ],
            "children": [
                32
            ],
            "extras": {
                "name": "thigh.L"
            }
        },
        {
            "name": "shinL",
            "matrix": [
                0.9995363354682922,
                -0.0033940481953322887,
                -0.030259087681770325,
                0.0,
                -0.03044884093105793,
                -0.11144053190946579,
                -0.9933045506477356,
                0.0,
                -7.636028840352083e-7,
                0.9937653541564941,
                -0.11149220913648605,
                0.0,
                1.730524346044149e-8,
                0.33333832025527954,
                4.789058039023075e-10,
                1.0
            ],
            "children": [
                33
            ],
            "extras": {
                "name": "shin.L"
            }
        },
        {
            "name": "footL",
            "matrix": [
                0.9988629817962646,
                -0.0425129234790802,
                -0.021567953750491142,
                0.0,
                0.03958229348063469,
                0.48750394582748413,
                0.8722230792045593,
                0.0,
                -0.026566294953227043,
                -0.8720851540565491,
                0.488632470369339,
                0.0,
                9.313225746154785e-10,
                0.27520209550857544,
                -1.9598132894316223e-8,
                1.0
            ],
            "children": [
                34
            ],
            "extras": {
                "name": "foot.L"
            }
        },
        {
            "name": "toeL",
            "matrix": [
                0.9996944069862366,
                0.02471928671002388,
                -1.2630614776298899e-7,
                0.0,
                -0.02263079211115837,
                0.915233850479126,
                0.4022867679595947,
                0.0,
                0.00994435977190733,
                -0.40216395258903503,
                0.915513813495636,
                0.0,
                6.51925802230835e-9,
                0.3389844000339508,
                -4.4763559969851485e-8,
                1.0
            ],
            "extras": {
                "name": "toe.L"
            }
        },
        {
            "name": "deer_001",
            "mesh": 0,
            "skin": 0,
            "extras": {
                "name": "deer_001"
            }
        }
    ],
    "samplers": [
        {
            "magFilter": 9729,
            "minFilter": 9987
        }
    ],
    "scenes": [
        {
            "nodes": [
                0
            ]
        }
    ],
    "skins": [
        {
            "name": "skin",
            "joints": [
                3,
                4,
                5,
                6,
                7,
                8,
                9,
                10,
                11,
                12,
                13,
                14,
                15,
                16,
                17,
                18,
                19,
                20,
                21,
                22,
                23,
                24,
                25,
                26,
                27,
                28,
                29,
                30,
                31,
                32,
                33,
                34
            ],
            "inverseBindMatrices": 6
        }
    ],
    "textures": [
        {
            "source": 0,
            "sampler": 0
        }
    ],
    "scene": 0
}