{
    "asset": {
        "version": "2.0",
        "generator": "Open Asset Import Library (assimp v5.4.0)"
    },
    "extensionsUsed": [
        "KHR_materials_volume",
        "FB_ngon_encoding"
    ],
    "accessors": [
        {
            "bufferView": 0,
            "byteOffset": 0,
            "componentType": 5126,
            "count": 792,
            "type": "VEC3",
            "max": [
                0.04935548081994057,
                0.2149195373058319,
                0.2835550010204315
            ],
            "min": [
                -0.04935545474290848,
                -0.0008720457553863525,
                -0.16013354063034058
            ]
        },
        {
            "bufferView": 1,
            "byteOffset": 0,
            "componentType": 5126,
            "count": 792,
            "type": "VEC3",
            "max": [
                0.9999632239341736,
                0.9999802112579346,
                0.9999606609344482
            ],
            "min": [
                -0.9999634027481079,
                -0.9999913573265076,
                -0.9999995827674866
            ]
        },
        {
            "bufferView": 2,
            "byteOffset": 0,
            "componentType": 5126,
            "count": 792,
            "type": "VEC2",
            "max": [
                0.874805212020874,
                0.47817957401275635
            ],
            "min": [
                0.02612132951617241,
                0.024498343467712402
            ]
        },
        {
            "bufferView": 3,
            "byteOffset": 0,
            "componentType": 5126,
            "count": 792,
            "type": "VEC4",
            "max": [
                1.0,
                1.0,
                1.0,
                1.0
            ],
            "min": [
                1.0,
                1.0,
                1.0,
                1.0
            ]
        },
        {
            "bufferView": 4,
            "byteOffset": 0,
            "componentType": 5125,
            "count": 3948,
            "type": "SCALAR",
            "max": [
                791
            ],
            "min": [
                0
            ]
        },
        {
            "bufferView": 5,
            "byteOffset": 0,
            "componentType": 5123,
            "count": 792,
            "type": "VEC4",
            "max": [
                30,
                30,
                29,
                28
            ],
            "min": [
                0,
                0,
                0,
                0
            ]
        },
        {
            "bufferView": 6,
            "byteOffset": 0,
            "componentType": 5126,
            "count": 792,
            "type": "VEC4",
            "max": [
                1.0,
                0.49030816555023193,
                0.29490646719932556,
                0.2222399264574051
            ],
            "min": [
                0.295447438955307,
                0.0,
                0.0,
                0.0
            ]
        },
        {
            "bufferView": 7,
            "byteOffset": 0,
            "componentType": 5126,
            "count": 31,
            "type": "MAT4",
            "max": [
                1.0000001192092896,
                0.5177327990531921,
                0.5248757600784302,
                0.0,
                0.4776095747947693,
                0.8141741752624512,
                0.99797123670578,
                0.0,
                0.22661934792995453,
                0.9997491240501404,
                0.94305419921875,
                0.0,
                0.08993948251008987,
                0.15578338503837585,
                0.16631948947906494,
                1.0
            ],
            "min": [
                0.8511503338813782,
                -0.5177327990531921,
                -0.5248757600784302,
                0.0,
                -0.4776094853878021,
                -0.9738439321517944,
                -0.9997518658638,
                0.0,
                -0.2266194224357605,
                -0.99797123670578,
                -0.9738439917564392,
                0.0,
                -0.08993950486183167,
                -0.2566223740577698,
                -0.1966475546360016,
                1.0
            ]
        }
    ],
    "buffers": [
        {
            "byteLength": 81136,
            "uri": "cat_0.bin"
        }
    ],
    "bufferViews": [
        {
            "buffer": 0,
            "byteOffset": 0,
            "byteLength": 9504,
            "target": 34962
        },
        {
            "buffer": 0,
            "byteOffset": 9504,
            "byteLength": 9504,
            "target": 34962
        },
        {
            "buffer": 0,
            "byteOffset": 19008,
            "byteLength": 6336,
            "target": 34962
        },
        {
            "buffer": 0,
            "byteOffset": 25344,
            "byteLength": 12672,
            "target": 34962
        },
        {
            "buffer": 0,
            "byteOffset": 38016,
            "byteLength": 15792,
            "target": 34963
        },
        {
            "buffer": 0,
            "byteOffset": 53808,
            "byteLength": 6336
        },
        {
            "buffer": 0,
            "byteOffset": 66480,
            "byteLength": 12672
        },
        {
            "buffer": 0,
            "byteOffset": 79152,
            "byteLength": 1984
        }
    ],
    "images": [
        {
            "uri": "image_cat.png"
        }
    ],
    "materials": [
        {
            "name": "material",
            "pbrMetallicRoughness": {
                "baseColorTexture": {
                    "index": 0
                },
                "metallicFactor": 0.0,
                "roughnessFactor": 0.5527864098548889
            },
            "doubleSided": true
        }
    ],
    "meshes": [
        {
            "name": "meshes[0]",
            "primitives": [
                {
                    "mode": 4,
                    "material": 0,
                    "indices": 4,
                    "attributes": {
                        "POSITION": 0,
                        "NORMAL": 1,
                        "TEXCOORD_0": 2,
                        "COLOR_0": 3,
                        "JOINTS_0": 5,
                        "WEIGHTS_0": 6
                    }
                }
            ]
        }
    ],
    "nodes": [
        {
            "name": "cat",
            "children": [
                1
            ]
        },
        {
            "name": "kitty001",
            "children": [
                2,
                34
            ],
            "extras": {
                "name": "kitty.001"
            }
        },
        {
            "name": "Root",
            "children": [
                3
            ],
            "extras": {
                "name": "Root"
            }
        },
        {
            "name": "spine005",
            "matrix": [
                1.0,
                -2.3753433708861849e-7,
                2.5893351107697526e-7,
                0.0,
                2.3753433708861849e-7,
                -0.08604595065116882,
                -0.9962912797927856,
                0.0,
                2.5893351107697526e-7,
                0.9962912797927856,
                -0.08604595065116882,
                0.0,
                -1.3844460688972049e-8,
                0.15891489386558533,
                0.058067888021469116,
                1.0
            ],
            "children": [
                4,
                9,
                14,
                29
            ],
            "extras": {
                "name": "spine.005"
            }
        },
        {
            "name": "shoulderR",
            "matrix": [
                1.0,
                -3.774267156586575e-7,
                5.300607881508768e-7,
                0.0,
                1.7357213266677718e-7,
                -0.6303611397743225,
                -0.7763020396232605,
                0.0,
                6.271267238844302e-7,
                0.7763019800186157,
                -0.6303610801696777,
                0.0,
                0.02894330583512783,
                -0.004384685307741165,
                -0.0024099936708807945,
                1.0
            ],
            "children": [
                5
            ],
            "extras": {
                "name": "shoulder.R"
            }
        },
        {
            "name": "thighR",
            "matrix": [
                1.0,
                2.2598757709602069e-7,
                4.559317972052668e-7,
                0.0,
                -4.739908945339266e-7,
                0.08768265694379807,
                0.9961483478546143,
                0.0,
                1.8513981103751576e-7,
                -0.996148407459259,
                0.08768266439437866,
                0.0,
                2.378921948320567e-9,
                0.042924970388412476,
                2.125182163581485e-8,
                1.0
            ],
            "children": [
                6
            ],
            "extras": {
                "name": "thigh.R"
            }
        },
        {
            "name": "shinR",
            "matrix": [
                1.0,
                -7.150801479838265e-7,
                2.5425882199670014e-7,
                0.0,
                2.383600588018453e-7,
                -0.02214634045958519,
                -0.9997547268867493,
                0.0,
                7.205356382655737e-7,
                0.999754786491394,
                -0.02214634232223034,
                0.0,
                2.542865473742495e-9,
                0.06685728579759598,
                5.037972261590085e-9,
                1.0
            ],
            "children": [
                7
            ],
            "extras": {
                "name": "shin.R"
            }
        },
        {
            "name": "footR",
            "matrix": [
                0.9984648823738098,
                -0.024053867906332016,
                -0.049892257899045944,
                0.0,
                0.05317137762904167,
                0.16398340463638306,
                0.9850290417671204,
                0.0,
                -0.015512255020439625,
                -0.9861699342727661,
                0.16501067578792572,
                0.0,
                4.616733662032857e-10,
                0.049810539931058884,
                -1.6498749033644344e-9,
                1.0
            ],
            "children": [
                8
            ],
            "extras": {
                "name": "foot.R"
            }
        },
        {
            "name": "toeR",
            "matrix": [
                0.9984648823738098,
                0.05317208915948868,
                -0.015512141399085522,
                0.0,
                -0.025165069848299026,
                0.6849715709686279,
                0.7281350493431091,
                0.0,
                0.0493418388068676,
                -0.7266269326210022,
                0.685258150100708,
                0.0,
                5.820766091346741e-11,
                0.03670849651098251,
                5.762558430433273e-9,
                1.0
            ],
            "extras": {
                "name": "toe.R"
            }
        },
        {
            "name": "spine004",
            "matrix": [
                1.0,
                -1.9147947227793338e-7,
                0.000001415039946550678,
                0.0,
                3.829579853231735e-8,
                -0.9870160818099976,
                -0.16062378883361816,
                0.0,
                0.0000014274189652496716,
                0.16062335669994354,
                -0.9870133996009827,
                0.0,
                6.104607097601189e-11,
                -0.0233139805495739,
                -0.0002560350112617016,
                1.0
            ],
            "children": [
                10
            ],
            "extras": {
                "name": "spine.004"
            }
        },
        {
            "name": "spine003",
            "matrix": [
                1.0,
                -2.0515514620456088e-8,
                4.771398494085588e-7,
                0.0,
                3.419282634808951e-8,
                0.9995885491371155,
                -0.028682904317975044,
                0.0,
                -4.763550975894759e-7,
                0.028682904317975044,
                0.9995885491371155,
                0.0,
                -1.1488834718103268e-14,
                0.03757527843117714,
                2.7939677238464355e-9,
                1.0
            ],
            "children": [
                11
            ],
            "extras": {
                "name": "spine.003"
            }
        },
        {
            "name": "spine002",
            "matrix": [
                1.0,
                -3.28230065349544e-8,
                2.3954785888236074e-7,
                0.0,
                4.92344511826559e-8,
                0.9976279735565186,
                -0.06883512437343597,
                0.0,
                -2.3672026827625814e-7,
                0.06883512437343597,
                0.9976279735565186,
                0.0,
                -6.306807425479968e-15,
                0.04180556908249855,
                -2.3283064365386963e-9,
                1.0
            ],
            "children": [
                12
            ],
            "extras": {
                "name": "spine.002"
            }
        },
        {
            "name": "spine001",
            "matrix": [
                1.0,
                -3.3086487860600755e-7,
                -0.000003802017772613908,
                0.0,
                3.676180782008487e-8,
                0.9970237016677856,
                -0.07709546387195587,
                0.0,
                0.000003816210210061399,
                0.07709546387195587,
                0.9970237016677856,
                0.0,
                2.491704750718477e-15,
                0.039061009883880615,
                -1.3969838619232178e-9,
                1.0
            ],
            "children": [
                13
            ],
            "extras": {
                "name": "spine.001"
            }
        },
        {
            "name": "spine",
            "matrix": [
                1.0,
                -7.264502954740237e-8,
                0.0000023856680400058394,
                0.0,
                1.6345538256246073e-7,
                0.9992743730545044,
                -0.03808705508708954,
                0.0,
                -0.000002381170361331897,
                0.03808705508708954,
                0.9992744326591492,
                0.0,
                -6.398736927685014e-14,
                0.03742385655641556,
                -9.313225746154785e-9,
                1.0
            ],
            "extras": {
                "name": "spine"
            }
        },
        {
            "name": "spine006",
            "matrix": [
                1.0,
                -2.960682143893223e-9,
                1.8387529346353126e-11,
                0.0,
                2.960682143893223e-9,
                0.9999228715896606,
                -0.012418117374181747,
                0.0,
                1.8379979829785675e-11,
                0.012418116442859173,
                0.9999228119850159,
                0.0,
                -3.004239728420844e-15,
                0.04371177405118942,
                1.57160684466362e-8,
                1.0
            ],
            "children": [
                15
            ],
            "extras": {
                "name": "spine.006"
            }
        },
        {
            "name": "spine007",
            "matrix": [
                1.0,
                -1.3596072712118712e-8,
                3.8796918455652474e-10,
                0.0,
                1.3596071823940292e-8,
                0.9983726739883423,
                -0.05702607333660126,
                0.0,
                3.879927212846468e-10,
                0.05702607333660126,
                0.9983726739883423,
                0.0,
                -2.5643774247358173e-16,
                0.04246074706315994,
                3.026798367500305e-9,
                1.0
            ],
            "children": [
                16,
                21,
                25
            ],
            "extras": {
                "name": "spine.007"
            }
        },
        {
            "name": "spine008",
            "matrix": [
                1.0,
                1.691830817662776e-7,
                7.042893912512227e-8,
                0.0,
                -1.6918305334456818e-7,
                0.7045994997024536,
                0.7096051573753357,
                0.0,
                7.042898175768642e-8,
                -0.7096051573753357,
                0.7045995593070984,
                0.0,
                -7.689913150699113e-10,
                0.04039855673909187,
                0.0032253703102469444,
                1.0
            ],
            "children": [
                17
            ],
            "extras": {
                "name": "spine.008"
            }
        },
        {
            "name": "scull",
            "matrix": [
                1.0,
                -1.9546926921520935e-7,
                1.019078439412624e-7,
                0.0,
                1.9546928342606407e-7,
                0.5725676417350769,
                -0.8198574185371399,
                0.0,
                1.0190780130869825e-7,
                0.8198574781417847,
                0.5725676417350769,
                0.0,
                8.27344096010485e-11,
                0.042544446885585785,
                -0.00034700706601142883,
                1.0
            ],
            "children": [
                18,
                19,
                20
            ],
            "extras": {
                "name": "scull"
            }
        },
        {
            "name": "earR",
            "matrix": [
                0.8545840382575989,
                -0.03924493119120598,
                -0.5178281664848328,
                0.0,
                0.517732560634613,
                -0.013353495858609676,
                0.8554383516311646,
                0.0,
                -0.0404864139854908,
                -0.9991404414176941,
                0.008906688541173935,
                0.0,
                0.027812857180833817,
                0.000939343124628067,
                0.019719507545232773,
                1.0
            ],
            "extras": {
                "name": "ear.R"
            }
        },
        {
            "name": "earL",
            "matrix": [
                0.8545836806297302,
                0.039244987070560455,
                0.5178287029266357,
                0.0,
                -0.517733097076416,
                -0.013353691436350346,
                0.8554381132125854,
                0.0,
                0.04048651456832886,
                -0.9991405010223389,
                0.008906562812626362,
                0.0,
                -0.027812864631414413,
                0.0009393505752086639,
                0.019719496369361877,
                1.0
            ],
            "extras": {
                "name": "ear.L"
            }
        },
        {
            "name": "jaw",
            "matrix": [
                1.0,
                6.224628634754481e-8,
                8.269013918038581e-9,
                0.0,
                -6.224627924211745e-8,
                0.9653171300888062,
                0.2610798180103302,
                0.0,
                8.269027240714877e-9,
                -0.2610798180103302,
                0.9653171300888062,
                0.0,
                4.62726923444734e-9,
                0.043070897459983826,
                -0.019408192485570908,
                1.0
            ],
            "extras": {
                "name": "jaw"
            }
        },
        {
            "name": "front_shoulderR",
            "matrix": [
                0.9969075322151184,
                -0.0713055431842804,
                0.0330280102789402,
                0.0,
                0.06752794981002808,
                0.5623669624328613,
                -0.8241258263587952,
                0.0,
                0.04019087553024292,
                0.8238075375556946,
                0.5654429793357849,
                0.0,
                0.01919323392212391,
                0.016999926418066025,
                0.009362304583191872,
                1.0
            ],
            "children": [
                22
            ],
            "extras": {
                "name": "front_shoulder.R"
            }
        },
        {
            "name": "front_thighR",
            "matrix": [
                0.9969075322151184,
                0.06752733886241913,
                0.04019072279334068,
                0.0,
                -0.006367638241499662,
                0.5791792869567871,
                -0.8151753544807434,
                0.0,
                -0.07832426577806473,
                0.8123986721038818,
                0.5778182744979858,
                0.0,
                3.725290298461914e-9,
                0.05170722305774689,
                1.6880221664905548e-9,
                1.0
            ],
            "children": [
                23
            ],
            "extras": {
                "name": "front_thigh.R"
            }
        },
        {
            "name": "front_shinR",
            "matrix": [
                1.0,
                1.5659590246741573e-7,
                3.1899682539915375e-7,
                0.0,
                -3.304101312551211e-7,
                0.7401556968688965,
                0.6724355816841125,
                0.0,
                -1.3080668281872931e-7,
                -0.672435462474823,
                0.7401556372642517,
                0.0,
                7.555618353194404e-10,
                0.06204427778720856,
                -1.9818928720383155e-9,
                1.0
            ],
            "children": [
                24
            ],
            "extras": {
                "name": "front_shin.R"
            }
        },
        {
            "name": "front_footR",
            "matrix": [
                0.851150393486023,
                -0.4096071124076843,
                0.32827621698379517,
                0.0,
                0.006965554319322109,
                0.6341390609741211,
                0.7731876373291016,
                0.0,
                -0.5248758792877197,
                -0.6558122634887695,
                0.5426007509231567,
                0.0,
                1.1606480221360016e-9,
                0.03837394714355469,
                3.2023179663553947e-9,
                1.0
            ],
            "extras": {
                "name": "front_foot.R"
            }
        },
        {
            "name": "front_shoulderL",
            "matrix": [
                0.9969077110290527,
                0.07130551338195801,
                -0.03302749618887901,
                0.0,
                -0.06752750277519226,
                0.5623670220375061,
                -0.8241258263587952,
                0.0,
                -0.04019113630056381,
                0.8238074779510498,
                0.5654429793357849,
                0.0,
                -0.019193241372704506,
                0.016999926418066025,
                0.0093622962012887,
                1.0
            ],
            "children": [
                26
            ],
            "extras": {
                "name": "front_shoulder.L"
            }
        },
        {
            "name": "front_thighL",
            "matrix": [
                0.9969074130058289,
                -0.06752808392047882,
                -0.04019129276275635,
                0.0,
                0.0063676065765321255,
                0.5791792273521423,
                -0.8151753544807434,
                0.0,
                0.07832518965005875,
                0.8123984932899475,
                0.5778180956840515,
                0.0,
                -2.3283064365386963e-9,
                0.051707226783037186,
                5.413312464952469e-9,
                1.0
            ],
            "children": [
                27
            ],
            "extras": {
                "name": "front_thigh.L"
            }
        },
        {
            "name": "front_shinL",
            "matrix": [
                1.0,
                -1.6777177336280147e-7,
                6.644801828770142e-7,
                0.0,
                -3.226428759717237e-7,
                0.7401556968688965,
                0.6724357604980469,
                0.0,
                -6.046344651622348e-7,
                -0.6724357008934021,
                0.7401556372642517,
                0.0,
                -3.182407226631767e-9,
                0.06204427033662796,
                1.2973346841249622e-9,
                1.0
            ],
            "children": [
                28
            ],
            "extras": {
                "name": "front_shin.L"
            }
        },
        {
            "name": "front_footL",
            "matrix": [
                0.8511502146720886,
                0.4096072316169739,
                -0.32827621698379517,
                0.0,
                -0.006965523585677147,
                0.6341387629508972,
                0.7731879949569702,
                0.0,
                0.5248759984970093,
                -0.6558125615119934,
                0.5426004528999329,
                0.0,
                2.5646484935748504e-9,
                0.038373954594135284,
                4.171579082168364e-9,
                1.0
            ],
            "extras": {
                "name": "front_foot.L"
            }
        },
        {
            "name": "shoulderL",
            "matrix": [
                1.0,
                -3.774267156586575e-7,
                5.30060674464039e-7,
                0.0,
                1.735721610884866e-7,
                -0.6303609013557434,
                -0.7763020992279053,
                0.0,
                6.271266101975925e-7,
                0.7763019800186157,
                -0.6303607821464539,
                0.0,
                -0.028943302109837532,
                -0.004384685307741165,
                -0.0024100076407194138,
                1.0
            ],
            "children": [
                30
            ],
            "extras": {
                "name": "shoulder.L"
            }
        },
        {
            "name": "thighL",
            "matrix": [
                1.0,
                2.2598754867431126e-7,
                4.559318256269762e-7,
                0.0,
                -4.739909797990549e-7,
                0.08768267184495926,
                0.9961485266685486,
                0.0,
                1.8513982524837047e-7,
                -0.9961486458778381,
                0.08768268674612045,
                0.0,
                5.162732463759312e-10,
                0.04292498528957367,
                -1.3801239262534182e-8,
                1.0
            ],
            "children": [
                31
            ],
            "extras": {
                "name": "thigh.L"
            }
        },
        {
            "name": "shinL",
            "matrix": [
                1.0,
                -7.150802616706642e-7,
                2.54259077792085e-7,
                0.0,
                2.3836008722355473e-7,
                -0.02214668318629265,
                -0.999754786491394,
                0.0,
                7.205358656392491e-7,
                0.999754786491394,
                -0.02214668318629265,
                0.0,
                4.405507070259773e-9,
                0.06685728579759598,
                6.137898633795658e-9,
                1.0
            ],
            "children": [
                32
            ],
            "extras": {
                "name": "shin.L"
            }
        },
        {
            "name": "footL",
            "matrix": [
                0.998464822769165,
                0.024053871631622314,
                0.049893688410520554,
                0.0,
                -0.05317278578877449,
                0.16398319602012634,
                0.9850289225578308,
                0.0,
                0.015512034296989441,
                -0.9861698150634766,
                0.1650104820728302,
                0.0,
                4.616591553485705e-10,
                0.04981052130460739,
                1.6498766797212738e-9,
                1.0
            ],
            "children": [
                33
            ],
            "extras": {
                "name": "foot.L"
            }
        },
        {
            "name": "toeL",
            "matrix": [
                0.9984648823738098,
                -0.05317208170890808,
                0.015512150712311268,
                0.0,
                0.02516506053507328,
                0.6849716305732727,
                0.7281348705291748,
                0.0,
                -0.049341831356287,
                -0.7266267538070679,
                0.6852582097053528,
                0.0,
                -1.1641532182693481e-9,
                0.03670849651098251,
                -6.693881005048752e-10,
                1.0
            ],
            "extras": {
                "name": "toe.L"
            }
        },
        {
            "name": "kitty_001",
            "mesh": 0,
            "skin": 0,
            "extras": {
                "name": "kitty_001"
            }
        }
    ],
    "samplers": [
        {
            "magFilter": 9729,
            "minFilter": 9987
        }
    ],
    "scenes": [
        {
            "nodes": [
                0
            ]
        }
    ],
    "skins": [
        {
            "name": "skin",
            "joints": [
                3,
                4,
                5,
                6,
                7,
                8,
                9,
                10,
                11,
                12,
                13,
                14,
                15,
                16,
                17,
                18,
                19,
                20,
                21,
                22,
                23,
                24,
                25,
                26,
                27,
                28,
                29,
                30,
                31,
                32,
                33
            ],
            "inverseBindMatrices": 7
        }
    ],
    "textures": [
        {
            "source": 0,
            "sampler": 0
        }
    ],
    "scene": 0
}