{
    "asset": {
        "version": "2.0",
        "generator": "Open Asset Import Library (assimp v5.4.0)"
    },
    "extensionsUsed": [
        "KHR_materials_volume",
        "FB_ngon_encoding"
    ],
    "accessors": [
        {
            "bufferView": 0,
            "byteOffset": 0,
            "componentType": 5126,
            "count": 721,
            "type": "VEC3",
            "max": [
                0.13377401232719421,
                0.5199486613273621,
                0.30702871084213257
            ],
            "min": [
                -0.13377401232719421,
                -0.0000033696487662382424,
                -0.18159084022045135
            ]
        },
        {
            "bufferView": 1,
            "byteOffset": 0,
            "componentType": 5126,
            "count": 721,
            "type": "VEC3",
            "max": [
                0.9969207644462585,
                0.9997062683105469,
                0.964921236038208
            ],
            "min": [
                -0.9969207644462585,
                -1.0,
                -0.999992847442627
            ]
        },
        {
            "bufferView": 2,
            "byteOffset": 0,
            "componentType": 5126,
            "count": 721,
            "type": "VEC2",
            "max": [
                0.8868059515953064,
                0.8728171586990356
            ],
            "min": [
                0.007151688449084759,
                0.25861823558807373
            ]
        },
        {
            "bufferView": 3,
            "byteOffset": 0,
            "componentType": 5126,
            "count": 721,
            "type": "VEC4",
            "max": [
                1.0,
                1.0,
                1.0,
                1.0
            ],
            "min": [
                1.0,
                1.0,
                1.0,
                1.0
            ]
        },
        {
            "bufferView": 4,
            "byteOffset": 0,
            "componentType": 5125,
            "count": 2928,
            "type": "SCALAR",
            "max": [
                720
            ],
            "min": [
                0
            ]
        },
        {
            "bufferView": 5,
            "byteOffset": 0,
            "componentType": 5123,
            "count": 721,
            "type": "VEC4",
            "max": [
                21,
                21,
                19,
                19
            ],
            "min": [
                1,
                0,
                0,
                0
            ]
        },
        {
            "bufferView": 6,
            "byteOffset": 0,
            "componentType": 5126,
            "count": 721,
            "type": "VEC4",
            "max": [
                1.0,
                0.4987718462944031,
                0.2761923670768738,
                0.1353760063648224
            ],
            "min": [
                0.3227788209915161,
                0.0,
                0.0,
                0.0
            ]
        },
        {
            "bufferView": 7,
            "byteOffset": 0,
            "componentType": 5126,
            "count": 22,
            "type": "MAT4",
            "max": [
                1.0,
                0.45258671045303345,
                0.0033093614038079977,
                0.0,
                0.058759067207574844,
                1.0,
                0.9914281964302063,
                0.0,
                0.25155460834503174,
                0.9756753444671631,
                1.0,
                0.0,
                0.06939932703971863,
                0.21094219386577606,
                0.2780914604663849,
                1.0
            ],
            "min": [
                -1.0,
                -0.2907050848007202,
                -0.21881498396396637,
                0.0,
                -0.20559777319431305,
                -0.9971215128898621,
                -0.9761428833007813,
                0.0,
                -0.4992615878582001,
                -0.9914280772209167,
                -0.9971215128898621,
                0.0,
                -0.11190621554851532,
                -0.4359927475452423,
                -0.4865047335624695,
                1.0
            ]
        }
    ],
    "buffers": [
        {
            "byteLength": 70800,
            "uri": "chicken_0.bin"
        }
    ],
    "bufferViews": [
        {
            "buffer": 0,
            "byteOffset": 0,
            "byteLength": 8652,
            "target": 34962
        },
        {
            "buffer": 0,
            "byteOffset": 8652,
            "byteLength": 8652,
            "target": 34962
        },
        {
            "buffer": 0,
            "byteOffset": 17304,
            "byteLength": 5768,
            "target": 34962
        },
        {
            "buffer": 0,
            "byteOffset": 23072,
            "byteLength": 11536,
            "target": 34962
        },
        {
            "buffer": 0,
            "byteOffset": 34608,
            "byteLength": 11712,
            "target": 34963
        },
        {
            "buffer": 0,
            "byteOffset": 46320,
            "byteLength": 5768
        },
        {
            "buffer": 0,
            "byteOffset": 57856,
            "byteLength": 11536
        },
        {
            "buffer": 0,
            "byteOffset": 69392,
            "byteLength": 1408
        }
    ],
    "images": [
        {
            "uri": "image_chicken.png"
        }
    ],
    "materials": [
        {
            "name": "material",
            "pbrMetallicRoughness": {
                "baseColorTexture": {
                    "index": 0
                },
                "metallicFactor": 0.0,
                "roughnessFactor": 0.5527864098548889
            },
            "doubleSided": true
        }
    ],
    "meshes": [
        {
            "name": "meshes[0]",
            "primitives": [
                {
                    "mode": 4,
                    "material": 0,
                    "indices": 4,
                    "attributes": {
                        "POSITION": 0,
                        "NORMAL": 1,
                        "TEXCOORD_0": 2,
                        "COLOR_0": 3,
                        "JOINTS_0": 5,
                        "WEIGHTS_0": 6
                    }
                }
            ]
        }
    ],
    "nodes": [
        {
            "name": "chicken",
            "children": [
                1
            ]
        },
        {
            "name": "chicken001",
            "children": [
                2,
                28
            ],
            "extras": {
                "name": "chicken.001"
            }
        },
        {
            "name": "Root",
            "children": [
                3
            ],
            "extras": {
                "name": "Root"
            }
        },
        {
            "name": "spine002",
            "matrix": [
                1.0,
                2.2783208919463505e-7,
                7.025628434575992e-8,
                0.0,
                -1.3883818682398907e-14,
                0.2946762144565582,
                -0.9555971622467041,
                0.0,
                -2.3841853646899835e-7,
                0.9555971622467041,
                0.2946762144565582,
                0.0,
                6.495794425586253e-17,
                0.25699105858802795,
                0.14912141859531403,
                1.0
            ],
            "children": [
                4,
                18,
                22,
                24
            ],
            "extras": {
                "name": "spine.002"
            }
        },
        {
            "name": "spine003",
            "matrix": [
                1.0,
                -1.3482170935219528e-8,
                -3.814737414842284e-10,
                0.0,
                1.3482169158862689e-8,
                0.9983998537063599,
                0.056548312306404114,
                0.0,
                -3.815305849030892e-10,
                -0.056548312306404114,
                0.9983998537063599,
                0.0,
                2.729493157034124e-15,
                0.07803933322429657,
                1.4901161193847656e-8,
                1.0
            ],
            "children": [
                5
            ],
            "extras": {
                "name": "spine.003"
            }
        },
        {
            "name": "spine004",
            "matrix": [
                1.0,
                -1.6722353501918974e-9,
                -5.864469500294067e-12,
                0.0,
                1.672235239169595e-9,
                0.999975323677063,
                0.007013842463493347,
                0.0,
                -5.864469500294067e-12,
                -0.007013842463493347,
                0.999975323677063,
                0.0,
                7.24827014679302e-15,
                0.0787091851234436,
                -5.529727786779404e-10,
                1.0
            ],
            "children": [
                6,
                10,
                14
            ],
            "extras": {
                "name": "spine.004"
            }
        },
        {
            "name": "spine005",
            "matrix": [
                1.0,
                -1.8924630751371296e-7,
                -9.340392637113837e-8,
                0.0,
                1.892463359354224e-7,
                0.6082356572151184,
                0.7937564849853516,
                0.0,
                -9.340389794942894e-8,
                -0.7937566041946411,
                0.608235776424408,
                0.0,
                1.362797343947193e-15,
                0.07203510403633118,
                3.725290298461914e-9,
                1.0
            ],
            "children": [
                7
            ],
            "extras": {
                "name": "spine.005"
            }
        },
        {
            "name": "spine006",
            "matrix": [
                1.0,
                -1.1501064101082648e-8,
                -2.7759591847420495e-10,
                0.0,
                1.1501065877439487e-8,
                0.9988358020782471,
                0.04823897033929825,
                0.0,
                -2.7752664055746834e-10,
                -0.04823897033929825,
                0.9988358020782471,
                0.0,
                -4.1355949545305746e-16,
                0.056731514632701874,
                -3.725290298461914e-9,
                1.0
            ],
            "children": [
                8
            ],
            "extras": {
                "name": "spine.006"
            }
        },
        {
            "name": "spine007",
            "matrix": [
                1.0,
                2.6748255166353374e-8,
                -1.505144786584367e-9,
                0.0,
                -2.6748248060926016e-8,
                0.9936867356300354,
                -0.11219027638435364,
                0.0,
                -1.5052512569724286e-9,
                0.11219029128551483,
                0.993686854839325,
                0.0,
                1.8068864479181372e-15,
                0.044334955513477325,
                -1.862645149230957e-9,
                1.0
            ],
            "children": [
                9
            ],
            "extras": {
                "name": "spine.007"
            }
        },
        {
            "name": "scull",
            "matrix": [
                1.0,
                2.324479027038251e-7,
                -1.8539606116974028e-7,
                0.0,
                -2.3244793112553452e-7,
                0.22239264845848083,
                -0.9749572277069092,
                0.0,
                -1.8539601853717613e-7,
                0.9749572277069092,
                0.22239264845848083,
                0.0,
                -6.8044054006739796e-15,
                0.0488632433116436,
                -2.2351741790771484e-8,
                1.0
            ],
            "extras": {
                "name": "scull"
            }
        },
        {
            "name": "shoulderR",
            "matrix": [
                1.0,
                4.150797110469284e-7,
                3.4460541087355523e-7,
                0.0,
                -1.2009068939278222e-7,
                0.7940105199813843,
                -0.6079038977622986,
                0.0,
                -5.259489057607425e-7,
                0.6079039573669434,
                0.794010579586029,
                0.0,
                0.041757576167583466,
                0.02683684229850769,
                -0.0008187319035641849,
                1.0
            ],
            "children": [
                11
            ],
            "extras": {
                "name": "shoulder.R"
            }
        },
        {
            "name": "WingR",
            "matrix": [
                0.8644567131996155,
                0.46147075295448303,
                0.1993970423936844,
                0.0,
                0.45258617401123047,
                -0.5417783260345459,
                -0.7082669138908386,
                0.0,
                -0.21881546080112457,
                0.702510416507721,
                -0.6771992444992065,
                0.0,
                0.021004876121878624,
                0.04755135625600815,
                0.02427481673657894,
                1.0
            ],
            "children": [
                12
            ],
            "extras": {
                "name": "Wing.R"
            }
        },
        {
            "name": "Wing001R",
            "matrix": [
                0.8454529047012329,
                0.4888039231300354,
                -0.215128093957901,
                0.0,
                -0.5327296853065491,
                0.8002186417579651,
                -0.27540725469589233,
                0.0,
                0.0375293605029583,
                0.3474489748477936,
                0.9369475245475769,
                0.0,
                4.889443516731262e-9,
                0.10171855986118317,
                4.9243681132793427e-8,
                1.0
            ],
            "children": [
                13
            ],
            "extras": {
                "name": "Wing.001.R"
            }
        },
        {
            "name": "Wing002R",
            "matrix": [
                0.9582472443580627,
                0.2537972927093506,
                0.13171546161174774,
                0.0,
                -0.2542894780635834,
                0.9670358300209045,
                -0.013353732414543629,
                0.0,
                -0.1307627409696579,
                -0.020697681233286858,
                0.9911975860595703,
                0.0,
                -1.6298145055770874e-9,
                0.07368391752243042,
                2.9569491744041443e-8,
                1.0
            ],
            "extras": {
                "name": "Wing.002.R"
            }
        },
        {
            "name": "shoulderL",
            "matrix": [
                1.0,
                -4.545338470052229e-7,
                -7.912358341854997e-7,
                0.0,
                -1.200906751819275e-7,
                0.7940105199813843,
                -0.6079038977622986,
                0.0,
                9.045625120052136e-7,
                0.6079039573669434,
                0.794010579586029,
                0.0,
                -0.041757576167583466,
                0.02683684229850769,
                -0.0008187119965441525,
                1.0
            ],
            "children": [
                15
            ],
            "extras": {
                "name": "shoulder.L"
            }
        },
        {
            "name": "WingL",
            "matrix": [
                0.8644565939903259,
                -0.4614718556404114,
                -0.19939614832401276,
                0.0,
                -0.45258620381355286,
                -0.5417783856391907,
                -0.7082670331001282,
                0.0,
                0.21881674230098724,
                0.7025099396705627,
                -0.6771996021270752,
                0.0,
                -0.02100488170981407,
                0.04755135625600815,
                0.02427481673657894,
                1.0
            ],
            "children": [
                16
            ],
            "extras": {
                "name": "Wing.L"
            }
        },
        {
            "name": "Wing001L",
            "matrix": [
                0.8454524874687195,
                -0.48880401253700256,
                0.21512936055660248,
                0.0,
                0.532730221748352,
                0.8002186417579651,
                -0.27540653944015503,
                0.0,
                -0.03753073886036873,
                0.34744903445243835,
                0.9369474053382874,
                0.0,
                -1.7462298274040222e-9,
                0.10171858221292496,
                2.991873770952225e-8,
                1.0
            ],
            "children": [
                17
            ],
            "extras": {
                "name": "Wing.001.L"
            }
        },
        {
            "name": "Wing002L",
            "matrix": [
                0.9582473635673523,
                -0.253797322511673,
                -0.13171544671058655,
                0.0,
                0.2542894780635834,
                0.9670358896255493,
                -0.013353759422898293,
                0.0,
                0.1307627111673355,
                -0.020697645843029022,
                0.9911975860595703,
                0.0,
                6.28642737865448e-9,
                0.07368391752243042,
                2.0954757928848267e-9,
                1.0
            ],
            "extras": {
                "name": "Wing.002.L"
            }
        },
        {
            "name": "thighR",
            "matrix": [
                0.9999087452888489,
                0.002124771708622575,
                -0.013340692035853863,
                0.0,
                -0.013097201474010944,
                -0.0894492045044899,
                -0.995905339717865,
                0.0,
                -0.003309385385364294,
                0.9959892630577087,
                -0.08941322565078735,
                0.0,
                0.07052293419837952,
                0.047181420028209686,
                -0.07688094675540924,
                1.0
            ],
            "children": [
                19
            ],
            "extras": {
                "name": "thigh.R"
            }
        },
        {
            "name": "shinR",
            "matrix": [
                0.9999087452888489,
                -0.013096898794174194,
                -0.003308891085907817,
                0.0,
                0.012539085000753403,
                0.9909974336624146,
                -0.13329313695430756,
                0.0,
                0.00502482894808054,
                0.13323946297168732,
                0.9910711646080017,
                0.0,
                7.53789208829403e-9,
                0.08579329401254654,
                3.637978807091713e-10,
                1.0
            ],
            "children": [
                20
            ],
            "extras": {
                "name": "shin.R"
            }
        },
        {
            "name": "footR",
            "matrix": [
                1.0,
                -2.1960035567758496e-8,
                -2.3850611796660814e-7,
                0.0,
                4.389250563008318e-8,
                0.9957263469696045,
                0.09235117584466934,
                0.0,
                2.354588133357538e-7,
                -0.09235118329524994,
                0.995726466178894,
                0.0,
                3.752384181154866e-9,
                0.04972641542553902,
                -2.272074084430642e-9,
                1.0
            ],
            "children": [
                21
            ],
            "extras": {
                "name": "foot.R"
            }
        },
        {
            "name": "toeR",
            "matrix": [
                1.0,
                -2.2669628663152253e-7,
                -1.6457960327898036e-7,
                0.0,
                2.2669637189665082e-7,
                0.30970337986946106,
                0.9508332014083862,
                0.0,
                -1.6457950380299735e-7,
                -0.9508332014083862,
                0.30970337986946106,
                0.0,
                3.4079290500699244e-9,
                0.047871533781290054,
                6.903206895003677e-10,
                1.0
            ],
            "extras": {
                "name": "toe.R"
            }
        },
        {
            "name": "spine001",
            "matrix": [
                -1.0,
                -3.6297566907705914e-7,
                9.737867401327094e-8,
                0.0,
                2.2223150608624564e-7,
                -0.36218467354774475,
                0.9321064949035645,
                0.0,
                -3.030629045497335e-7,
                0.9321063756942749,
                0.3621845841407776,
                0.0,
                2.012051414368443e-9,
                -0.012952975928783417,
                0.00843915343284607,
                1.0
            ],
            "children": [
                23
            ],
            "extras": {
                "name": "spine.001"
            }
        },
        {
            "name": "spine",
            "matrix": [
                1.0,
                -7.474311303212744e-8,
                7.240388733009695e-9,
                0.0,
                7.474312724298215e-8,
                0.9814072251319885,
                -0.19193725287914276,
                0.0,
                7.240219090931532e-9,
                0.19193728268146515,
                0.9814073443412781,
                0.0,
                5.286510500733012e-15,
                0.09075509011745453,
                1.4901161193847656e-8,
                1.0
            ],
            "extras": {
                "name": "spine"
            }
        },
        {
            "name": "thighL",
            "matrix": [
                0.9999087452888489,
                -0.0021247609984129667,
                0.013340339064598083,
                0.0,
                0.013096851296722889,
                -0.08944902569055557,
                -0.995905339717865,
                0.0,
                0.003309340914711356,
                0.9959892630577087,
                -0.08941304683685303,
                0.0,
                -0.0705229789018631,
                0.047181420028209686,
                -0.07688091695308685,
                1.0
            ],
            "children": [
                25
            ],
            "extras": {
                "name": "thigh.L"
            }
        },
        {
            "name": "shinL",
            "matrix": [
                0.9999086856842041,
                0.013097023591399193,
                0.0033088906202465296,
                0.0,
                -0.012539207935333252,
                0.990997314453125,
                -0.13329310715198517,
                0.0,
                -0.005024844780564308,
                0.13323944807052612,
                0.9910711646080017,
                0.0,
                7.916241884231567e-9,
                0.08579330146312714,
                6.024492904543877e-9,
                1.0
            ],
            "children": [
                26
            ],
            "extras": {
                "name": "shin.L"
            }
        },
        {
            "name": "footL",
            "matrix": [
                1.0,
                2.3909988655645975e-8,
                2.3804042825759097e-7,
                0.0,
                -4.579111489988463e-8,
                0.9957264065742493,
                0.09235115349292755,
                0.0,
                -2.3481503319544572e-7,
                -0.09235115349292755,
                0.995726466178894,
                0.0,
                -3.6447305173936684e-9,
                0.04972641542553902,
                -5.0352326752545196e-9,
                1.0
            ],
            "children": [
                27
            ],
            "extras": {
                "name": "foot.L"
            }
        },
        {
            "name": "toeL",
            "matrix": [
                1.0,
                2.2669628663152253e-7,
                1.6457961748983507e-7,
                0.0,
                -2.2669637189665082e-7,
                0.30970337986946106,
                0.9508332014083862,
                0.0,
                1.6457950380299735e-7,
                -0.9508332014083862,
                0.30970337986946106,
                0.0,
                -3.4079288280253195e-9,
                0.04787153750658035,
                2.284021860532448e-10,
                1.0
            ],
            "extras": {
                "name": "toe.L"
            }
        },
        {
            "name": "chicken_001",
            "mesh": 0,
            "skin": 0,
            "extras": {
                "name": "chicken_001"
            }
        }
    ],
    "samplers": [
        {
            "magFilter": 9729,
            "minFilter": 9987
        }
    ],
    "scenes": [
        {
            "nodes": [
                0
            ]
        }
    ],
    "skins": [
        {
            "name": "skin",
            "joints": [
                2,
                3,
                4,
                5,
                6,
                7,
                8,
                9,
                10,
                11,
                12,
                13,
                18,
                19,
                20,
                21,
                22,
                23,
                24,
                25,
                26,
                27
            ],
            "inverseBindMatrices": 7
        }
    ],
    "textures": [
        {
            "source": 0,
            "sampler": 0
        }
    ],
    "scene": 0
}