{
    "asset": {
        "version": "2.0",
        "generator": "Open Asset Import Library (assimp v5.4.0)"
    },
    "extensionsUsed": [
        "KHR_materials_volume",
        "FB_ngon_encoding"
    ],
    "accessors": [
        {
            "bufferView": 0,
            "byteOffset": 0,
            "componentType": 5126,
            "count": 1099,
            "type": "VEC3",
            "max": [
                0.15986450016498566,
                0.786821186542511,
                0.4974181652069092
            ],
            "min": [
                -0.15986450016498566,
                -0.00005086604505777359,
                -0.6749634146690369
            ]
        },
        {
            "bufferView": 1,
            "byteOffset": 0,
            "componentType": 5126,
            "count": 1099,
            "type": "VEC3",
            "max": [
                0.999025821685791,
                0.9997065663337708,
                0.9994702339172363
            ],
            "min": [
                -0.999025821685791,
                -1.0,
                -0.9890909790992737
            ]
        },
        {
            "bufferView": 2,
            "byteOffset": 0,
            "componentType": 5126,
            "count": 1099,
            "type": "VEC2",
            "max": [
                0.8869614005088806,
                0.4430529475212097
            ],
            "min": [
                0.03615935891866684,
                0.022954463958740234
            ]
        },
        {
            "bufferView": 3,
            "byteOffset": 0,
            "componentType": 5125,
            "count": 3030,
            "type": "SCALAR",
            "max": [
                1098
            ],
            "min": [
                0
            ]
        },
        {
            "bufferView": 4,
            "byteOffset": 0,
            "componentType": 5123,
            "count": 1099,
            "type": "VEC4",
            "max": [
                33,
                32,
                32,
                32
            ],
            "min": [
                1,
                0,
                0,
                0
            ]
        },
        {
            "bufferView": 5,
            "byteOffset": 0,
            "componentType": 5126,
            "count": 1099,
            "type": "VEC4",
            "max": [
                1.0,
                0.49778077006340027,
                0.27570176124572754,
                0.22426864504814148
            ],
            "min": [
                0.2882736921310425,
                0.0,
                0.0,
                0.0
            ]
        },
        {
            "bufferView": 6,
            "byteOffset": 0,
            "componentType": 5126,
            "count": 34,
            "type": "MAT4",
            "max": [
                1.0000001192092896,
                0.23594725131988525,
                0.029260143637657166,
                0.0,
                0.21304750442504883,
                1.0,
                0.9957295656204224,
                0.0,
                0.10553713887929916,
                0.9977853298187256,
                1.0,
                0.0,
                0.13687077164649963,
                0.5095009803771973,
                0.4944637417793274,
                1.0
            ],
            "min": [
                0.9713252186775208,
                -0.23594743013381958,
                -0.02926017716526985,
                0.0,
                -0.2130473256111145,
                -0.9909365773200989,
                -0.9977850914001465,
                0.0,
                -0.10553724318742752,
                -0.9957295060157776,
                -0.9919075965881348,
                0.0,
                -0.13687098026275635,
                -0.8600864410400391,
                -0.7736886739730835,
                1.0
            ]
        }
    ],
    "buffers": [
        {
            "byteLength": 84632,
            "uri": "dog_0.bin"
        }
    ],
    "bufferViews": [
        {
            "buffer": 0,
            "byteOffset": 0,
            "byteLength": 13188,
            "target": 34962
        },
        {
            "buffer": 0,
            "byteOffset": 13188,
            "byteLength": 13188,
            "target": 34962
        },
        {
            "buffer": 0,
            "byteOffset": 26376,
            "byteLength": 8792,
            "target": 34962
        },
        {
            "buffer": 0,
            "byteOffset": 35168,
            "byteLength": 12120,
            "target": 34963
        },
        {
            "buffer": 0,
            "byteOffset": 47288,
            "byteLength": 8792
        },
        {
            "buffer": 0,
            "byteOffset": 64872,
            "byteLength": 17584
        },
        {
            "buffer": 0,
            "byteOffset": 82456,
            "byteLength": 2176
        }
    ],
    "images": [
        {
            "uri": "image_dog.png"
        }
    ],
    "materials": [
        {
            "name": "material",
            "pbrMetallicRoughness": {
                "baseColorTexture": {
                    "index": 0
                },
                "metallicFactor": 0.0,
                "roughnessFactor": 0.5527864098548889
            },
            "doubleSided": true
        }
    ],
    "meshes": [
        {
            "name": "meshes[0]",
            "primitives": [
                {
                    "mode": 4,
                    "material": 0,
                    "indices": 3,
                    "attributes": {
                        "POSITION": 0,
                        "NORMAL": 1,
                        "TEXCOORD_0": 2,
                        "JOINTS_0": 4,
                        "WEIGHTS_0": 5
                    }
                }
            ]
        }
    ],
    "nodes": [
        {
            "name": "dog",
            "children": [
                1
            ]
        },
        {
            "name": "dog001",
            "children": [
                2,
                36
            ],
            "extras": {
                "name": "dog.001"
            }
        },
        {
            "name": "Root",
            "children": [
                3
            ],
            "extras": {
                "name": "Root"
            }
        },
        {
            "name": "spine004",
            "matrix": [
                1.0,
                -2.3627511325230444e-7,
                -3.1897929630986255e-8,
                0.0,
                8.004836587148772e-15,
                0.13378959894180298,
                -0.9910097122192383,
                0.0,
                2.3841855067985307e-7,
                0.9910097122192383,
                0.13378959894180298,
                0.0,
                1.0631484406625598e-16,
                0.4787994921207428,
                0.15275132656097412,
                1.0
            ],
            "children": [
                4,
                9,
                13,
                31
            ],
            "extras": {
                "name": "spine.004"
            }
        },
        {
            "name": "shoulderR",
            "matrix": [
                1.0,
                3.045742857921141e-8,
                2.566226271483174e-7,
                0.0,
                1.5780165085743647e-7,
                -0.8583636283874512,
                -0.5130416750907898,
                0.0,
                2.0464946715037513e-7,
                0.5130413770675659,
                -0.8583630919456482,
                0.0,
                0.07393036782741547,
                -0.02114873006939888,
                -0.009764201007783413,
                1.0
            ],
            "children": [
                5
            ],
            "extras": {
                "name": "shoulder.R"
            }
        },
        {
            "name": "thighR",
            "matrix": [
                1.0,
                3.5483044058537416e-8,
                -1.800924860628772e-14,
                0.0,
                9.181623461529398e-9,
                -0.25876033306121826,
                0.9659414887428284,
                0.0,
                3.42745423154156e-8,
                -0.9659414887428284,
                -0.25876033306121826,
                0.0,
                7.953059544263397e-9,
                0.14164456725120544,
                -1.4901189615557087e-8,
                1.0
            ],
            "children": [
                6
            ],
            "extras": {
                "name": "thigh.R"
            }
        },
        {
            "name": "shinR",
            "matrix": [
                1.0,
                4.840283485603198e-16,
                2.144078913978581e-14,
                0.0,
                2.1115597944741833e-14,
                -0.1970992237329483,
                -0.9803836941719055,
                0.0,
                3.751425490643992e-15,
                0.9803836941719055,
                -0.1970992237329483,
                0.0,
                -2.7755575615628914e-15,
                0.1699070781469345,
                1.84297022087776e-14,
                1.0
            ],
            "children": [
                7
            ],
            "extras": {
                "name": "shin.R"
            }
        },
        {
            "name": "footR",
            "matrix": [
                0.9990206956863403,
                -0.025308767333626747,
                -0.03629260137677193,
                0.0,
                0.044245749711990356,
                0.5714460611343384,
                0.8194459080696106,
                0.0,
                9.69418039176162e-8,
                -0.8202491402626038,
                0.5720061659812927,
                0.0,
                7.450580596923828e-9,
                0.19288498163223267,
                2.980229574234272e-8,
                1.0
            ],
            "children": [
                8
            ],
            "extras": {
                "name": "foot.R"
            }
        },
        {
            "name": "toeR",
            "matrix": [
                0.9990206956863403,
                0.04424576088786125,
                8.476197166373822e-8,
                0.0,
                -0.02616003528237343,
                0.5906633138656616,
                0.8064939379692078,
                0.0,
                0.03568388521671295,
                -0.8057041168212891,
                0.5912423133850098,
                0.0,
                8.847564458847046e-9,
                0.11268177628517151,
                -4.810418730016863e-10,
                1.0
            ],
            "extras": {
                "name": "toe.R"
            }
        },
        {
            "name": "spine003",
            "matrix": [
                1.0,
                -1.2725472231522872e-7,
                4.400362456635776e-7,
                0.0,
                1.272546938935193e-7,
                -0.8456456661224365,
                -0.5337448716163635,
                0.0,
                4.400363593504153e-7,
                0.5337450504302979,
                -0.8456458449363708,
                0.0,
                2.0841623982192914e-9,
                -0.06878413259983063,
                -0.008741606026887894,
                1.0
            ],
            "children": [
                10
            ],
            "extras": {
                "name": "spine.003"
            }
        },
        {
            "name": "spine002",
            "matrix": [
                1.0,
                1.0217464563311296e-7,
                2.3003256188758314e-8,
                0.0,
                -1.021746385276856e-7,
                0.9035173058509827,
                0.42855143547058105,
                0.0,
                2.3003249083330957e-8,
                -0.42855146527290344,
                0.9035173654556274,
                0.0,
                3.774758283725532e-15,
                0.1374938189983368,
                -1.4901161193847656e-8,
                1.0
            ],
            "children": [
                11
            ],
            "extras": {
                "name": "spine.002"
            }
        },
        {
            "name": "spine001",
            "matrix": [
                1.0,
                -1.2040062813412078e-7,
                3.2634414282028956e-8,
                0.0,
                1.2040059971241135e-7,
                0.8631212115287781,
                -0.5049965381622314,
                0.0,
                3.263443559831103e-8,
                0.5049965977668762,
                0.8631213307380676,
                0.0,
                -3.3306690738754696e-15,
                0.07274633646011353,
                1.4901161193847656e-8,
                1.0
            ],
            "children": [
                12
            ],
            "extras": {
                "name": "spine.001"
            }
        },
        {
            "name": "spine",
            "matrix": [
                1.0,
                -2.468579509695701e-7,
                -1.6954696491211507e-7,
                0.0,
                1.2342869126769074e-7,
                0.8555637001991272,
                -0.5176973938941956,
                0.0,
                2.7285594228487753e-7,
                0.5176973938941956,
                0.8555637001991272,
                0.0,
                -6.8833827526759706e-15,
                0.07632733881473541,
                1.4901161193847656e-8,
                1.0
            ],
            "extras": {
                "name": "spine"
            }
        },
        {
            "name": "spine005",
            "matrix": [
                1.0,
                -5.357443555453756e-8,
                6.0972475957044026e-9,
                0.0,
                5.357443200182388e-8,
                0.97442626953125,
                -0.22470751404762268,
                0.0,
                6.0972595861130685e-9,
                0.22470751404762268,
                0.9744262099266052,
                0.0,
                -9.94120387951599e-15,
                0.12799689173698425,
                4.260800778865814e-8,
                1.0
            ],
            "children": [
                14
            ],
            "extras": {
                "name": "spine.005"
            }
        },
        {
            "name": "spine006",
            "matrix": [
                1.0,
                8.680451912823628e-8,
                1.6363628674298525e-8,
                0.0,
                -8.680451202280892e-8,
                0.9313659071922302,
                0.36408454179763794,
                0.0,
                1.6363657096007955e-8,
                -0.36408454179763794,
                0.9313659071922302,
                0.0,
                -1.5290614941032988e-16,
                0.13546422123908997,
                1.862645149230957e-9,
                1.0
            ],
            "children": [
                15,
                21,
                26
            ],
            "extras": {
                "name": "spine.006"
            }
        },
        {
            "name": "spine007",
            "matrix": [
                1.0,
                8.846856758282229e-8,
                1.70213443340117e-8,
                0.0,
                -8.846856758282229e-8,
                0.9286072850227356,
                0.37106403708457947,
                0.0,
                1.7021354992152737e-8,
                -0.37106403708457947,
                0.9286072850227356,
                0.0,
                7.265019252855609e-9,
                0.15111105144023895,
                -0.03047170490026474,
                1.0
            ],
            "children": [
                16
            ],
            "extras": {
                "name": "spine.007"
            }
        },
        {
            "name": "spine008",
            "matrix": [
                1.0,
                -4.679097997950521e-9,
                4.590168176110687e-11,
                0.0,
                4.679097553861311e-9,
                0.9998073577880859,
                -0.0196255873888731,
                0.0,
                4.5937208897894877e-11,
                0.01962558925151825,
                0.9998074173927307,
                0.0,
                3.9968028886505635e-15,
                0.13252240419387817,
                -1.4901161193847656e-8,
                1.0
            ],
            "children": [
                17
            ],
            "extras": {
                "name": "spine.008"
            }
        },
        {
            "name": "scull",
            "matrix": [
                1.0,
                -2.033305293025478e-7,
                1.1391922782877373e-7,
                0.0,
                2.0333057193511195e-7,
                0.5221882462501526,
                -0.8528302311897278,
                0.0,
                1.139191496690728e-7,
                0.8528302311897278,
                0.5221882462501526,
                0.0,
                -6.661338147750939e-15,
                0.11882051825523376,
                2.9802322387695313e-8,
                1.0
            ],
            "children": [
                18,
                19,
                20
            ],
            "extras": {
                "name": "scull"
            }
        },
        {
            "name": "earR",
            "matrix": [
                0.9713252782821655,
                -0.018829768523573875,
                -0.23700761795043945,
                0.0,
                0.23594704270362854,
                0.19902440905570984,
                0.9511669278144836,
                0.0,
                0.029260097071528435,
                -0.979813814163208,
                0.19776028394699097,
                0.0,
                0.06947486847639084,
                0.0023761093616485596,
                0.07336196303367615,
                1.0
            ],
            "extras": {
                "name": "ear.R"
            }
        },
        {
            "name": "earL",
            "matrix": [
                0.971325159072876,
                0.018829766660928726,
                0.23700818419456482,
                0.0,
                -0.2359476238489151,
                0.1990245133638382,
                0.9511666893959045,
                0.0,
                -0.029260199517011642,
                -0.9798136353492737,
                0.19776035845279694,
                0.0,
                -0.06947489827871323,
                0.0023761391639709473,
                0.07336194813251495,
                1.0
            ],
            "extras": {
                "name": "ear.L"
            }
        },
        {
            "name": "jaw",
            "matrix": [
                1.0,
                -1.634637669667427e-8,
                5.609959163876965e-10,
                0.0,
                1.634637492031743e-8,
                0.9976468682289124,
                -0.06856173276901245,
                0.0,
                5.610598652339149e-10,
                0.06856173276901245,
                0.9976468682289124,
                0.0,
                9.695844127577402e-9,
                0.13258887827396393,
                -0.0406673401594162,
                1.0
            ],
            "extras": {
                "name": "jaw"
            }
        },
        {
            "name": "front_shoulderR",
            "matrix": [
                0.9941537976264954,
                -0.05689481645822525,
                0.09176727384328842,
                0.0,
                0.10773295909166336,
                0.4660002887248993,
                -0.8782012462615967,
                0.0,
                0.007201517466455698,
                0.8829534649848938,
                0.4694053828716278,
                0.0,
                0.09037540853023529,
                0.09760130941867828,
                0.006461272947490215,
                1.0
            ],
            "children": [
                22
            ],
            "extras": {
                "name": "front_shoulder.R"
            }
        },
        {
            "name": "front_thighR",
            "matrix": [
                0.9941536784172058,
                0.10773274302482605,
                0.007201618514955044,
                0.0,
                -0.01365162804722786,
                0.19157922267913818,
                -0.9813822507858276,
                0.0,
                -0.10710668563842773,
                0.9755465388298035,
                0.19192993640899658,
                0.0,
                0.0,
                0.1526116281747818,
                2.6135239750146866e-8,
                1.0
            ],
            "children": [
                23
            ],
            "extras": {
                "name": "front_thigh.R"
            }
        },
        {
            "name": "front_shinR",
            "matrix": [
                1.0,
                1.7422883047402138e-7,
                -1.4793151592584763e-7,
                0.0,
                -1.017501638500562e-8,
                0.6805282831192017,
                0.7327216863632202,
                0.0,
                2.2833285129308933e-7,
                -0.732721745967865,
                0.6805283427238464,
                0.0,
                -4.27205604225378e-10,
                0.1546308547258377,
                2.3695199136142264e-9,
                1.0
            ],
            "children": [
                24
            ],
            "extras": {
                "name": "front_shin.R"
            }
        },
        {
            "name": "front_footR",
            "matrix": [
                1.0,
                -2.0636365150039637e-7,
                -1.9145085161653697e-7,
                0.0,
                1.0318182575019819e-7,
                0.9015015363693237,
                -0.43277594447135925,
                0.0,
                2.619024712657847e-7,
                0.43277594447135925,
                0.9015015363693237,
                0.0,
                1.6994295748418153e-8,
                0.1307065188884735,
                -7.279670199977772e-10,
                1.0
            ],
            "children": [
                25
            ],
            "extras": {
                "name": "front_foot.R"
            }
        },
        {
            "name": "front_toeR",
            "matrix": [
                1.0,
                2.2958852241572458e-7,
                4.125523673792486e-7,
                0.0,
                -4.5917704483144917e-7,
                0.26962998509407043,
                0.9629640579223633,
                0.0,
                1.0984896903210029e-7,
                -0.9629640579223633,
                0.26962998509407043,
                0.0,
                7.278643909813809e-9,
                0.11938285827636719,
                4.63639082681766e-9,
                1.0
            ],
            "extras": {
                "name": "front_toe.R"
            }
        },
        {
            "name": "front_shoulderL",
            "matrix": [
                0.9941537380218506,
                0.05689483508467674,
                -0.09176681190729141,
                0.0,
                -0.10773255676031113,
                0.46600037813186646,
                -0.8782010674476624,
                0.0,
                -0.007201738655567169,
                0.8829532861709595,
                0.46940553188323975,
                0.0,
                -0.09037540853023529,
                0.09760130941867828,
                0.006461230106651783,
                1.0
            ],
            "children": [
                27
            ],
            "extras": {
                "name": "front_shoulder.L"
            }
        },
        {
            "name": "front_thighL",
            "matrix": [
                0.9941536784172058,
                -0.10773277282714844,
                -0.007201611064374447,
                0.0,
                0.013651633635163307,
                0.19157908856868744,
                -0.981382429599762,
                0.0,
                0.10710671544075012,
                0.975546658039093,
                0.19192978739738464,
                0.0,
                9.313225746154785e-9,
                0.15261167287826538,
                -4.71482053399086e-9,
                1.0
            ],
            "children": [
                28
            ],
            "extras": {
                "name": "front_thigh.L"
            }
        },
        {
            "name": "front_shinL",
            "matrix": [
                1.0,
                -1.7329747947769647e-7,
                1.629490640198128e-7,
                0.0,
                -1.4624808031271641e-9,
                0.6805282831192017,
                0.7327216863632202,
                0.0,
                -2.3787029590494058e-7,
                -0.732721745967865,
                0.6805283427238464,
                0.0,
                -1.441819197367522e-8,
                0.1546308547258377,
                1.5160919630829994e-8,
                1.0
            ],
            "children": [
                29
            ],
            "extras": {
                "name": "front_shin.L"
            }
        },
        {
            "name": "front_footL",
            "matrix": [
                1.0,
                2.063636657112511e-7,
                1.914508800382464e-7,
                0.0,
                -1.0318181153934347e-7,
                0.901501476764679,
                -0.4327760338783264,
                0.0,
                -2.619024712657847e-7,
                0.43277600407600403,
                0.9015014171600342,
                0.0,
                -9.543710710602227e-9,
                0.1307065188884735,
                3.263541970000006e-8,
                1.0
            ],
            "children": [
                30
            ],
            "extras": {
                "name": "front_foot.L"
            }
        },
        {
            "name": "front_toeL",
            "matrix": [
                1.0,
                -2.2958855083743401e-7,
                -4.125523673792486e-7,
                0.0,
                4.5917710167486803e-7,
                0.26962989568710327,
                0.9629641771316528,
                0.0,
                -1.0984906850808329e-7,
                -0.9629640579223633,
                0.2696298658847809,
                0.0,
                -7.278631919405143e-9,
                0.1193828284740448,
                1.4669087278207371e-8,
                1.0
            ],
            "extras": {
                "name": "front_toe.L"
            }
        },
        {
            "name": "shoulderL",
            "matrix": [
                1.0,
                3.045728291795058e-8,
                2.566228829437023e-7,
                0.0,
                1.5780165085743647e-7,
                -0.8583637475967407,
                -0.513041615486145,
                0.0,
                2.0464993610858073e-7,
                0.5130416750907898,
                -0.8583638072013855,
                0.0,
                -0.07393036782741547,
                -0.02114873006939888,
                -0.009764236398041248,
                1.0
            ],
            "children": [
                32
            ],
            "extras": {
                "name": "shoulder.L"
            }
        },
        {
            "name": "thighL",
            "matrix": [
                1.0,
                3.5483019189541665e-8,
                4.4943056573413034e-14,
                0.0,
                9.181579052608413e-9,
                -0.25876110792160034,
                0.9659414291381836,
                0.0,
                3.4274528104560886e-8,
                -0.9659414291381836,
                -0.25876110792160034,
                0.0,
                7.95308174872389e-9,
                0.14164455235004425,
                -1.4901170075631853e-8,
                1.0
            ],
            "children": [
                33
            ],
            "extras": {
                "name": "thigh.L"
            }
        },
        {
            "name": "shinL",
            "matrix": [
                1.0,
                3.2435181186302707e-16,
                6.731923944344482e-15,
                0.0,
                6.663796237363871e-15,
                -0.19709940254688263,
                -0.9803834557533264,
                0.0,
                1.0088688621017199e-15,
                0.9803835153579712,
                -0.19709941744804382,
                0.0,
                -8.187894806610529e-16,
                0.16990694403648376,
                -4.470348358154297e-8,
                1.0
            ],
            "children": [
                34
            ],
            "extras": {
                "name": "shin.L"
            }
        },
        {
            "name": "footL",
            "matrix": [
                0.9990206956863403,
                0.025308771058917046,
                0.03629263490438461,
                0.0,
                -0.04424578323960304,
                0.5714461207389832,
                0.8194459080696106,
                0.0,
                -1.1591203019634122e-7,
                -0.8202491998672485,
                0.5720062851905823,
                0.0,
                0.0,
                0.19288498163223267,
                -1.4901166522918174e-8,
                1.0
            ],
            "children": [
                35
            ],
            "extras": {
                "name": "foot.L"
            }
        },
        {
            "name": "toeL",
            "matrix": [
                0.9990206956863403,
                -0.04424578696489334,
                -1.1092131302348207e-7,
                0.0,
                0.026160044595599174,
                0.5906626582145691,
                0.806494414806366,
                0.0,
                -0.03568391501903534,
                -0.805704653263092,
                0.591241717338562,
                0.0,
                -1.1525116860866547e-8,
                0.11268171668052673,
                1.9578576981871265e-8,
                1.0
            ],
            "extras": {
                "name": "toe.L"
            }
        },
        {
            "name": "dog_001",
            "mesh": 0,
            "skin": 0,
            "extras": {
                "name": "dog_001"
            }
        }
    ],
    "samplers": [
        {
            "magFilter": 9729,
            "minFilter": 9987
        }
    ],
    "scenes": [
        {
            "nodes": [
                0
            ]
        }
    ],
    "skins": [
        {
            "name": "skin",
            "joints": [
                2,
                3,
                4,
                5,
                6,
                7,
                8,
                9,
                10,
                11,
                12,
                13,
                14,
                15,
                16,
                17,
                18,
                19,
                20,
                21,
                22,
                23,
                24,
                25,
                26,
                27,
                28,
                29,
                30,
                31,
                32,
                33,
                34,
                35
            ],
            "inverseBindMatrices": 6
        }
    ],
    "textures": [
        {
            "source": 0,
            "sampler": 0
        }
    ],
    "scene": 0
}