{
    "asset": {
        "version": "2.0",
        "generator": "Open Asset Import Library (assimp v5.4.0)"
    },
    "extensionsUsed": [
        "KHR_materials_volume",
        "FB_ngon_encoding"
    ],
    "accessors": [
        {
            "bufferView": 0,
            "byteOffset": 0,
            "componentType": 5126,
            "count": 1268,
            "type": "VEC3",
            "max": [
                0.27499133348464966,
                1.8556705713272095,
                1.1658120155334473
            ],
            "min": [
                -0.27499133348464966,
                -0.000378093944163993,
                -1.492601752281189
            ]
        },
        {
            "bufferView": 1,
            "byteOffset": 0,
            "componentType": 5126,
            "count": 1268,
            "type": "VEC3",
            "max": [
                0.9998213052749634,
                0.9999174475669861,
                0.9995524883270264
            ],
            "min": [
                -0.9998213052749634,
                -1.0,
                -0.9986340999603271
            ]
        },
        {
            "bufferView": 2,
            "byteOffset": 0,
            "componentType": 5126,
            "count": 1268,
            "type": "VEC2",
            "max": [
                0.8866956233978271,
                0.9539691209793091
            ],
            "min": [
                0.8168795108795166,
                0.08365857601165771
            ]
        },
        {
            "bufferView": 3,
            "byteOffset": 0,
            "componentType": 5125,
            "count": 5196,
            "type": "SCALAR",
            "max": [
                1267
            ],
            "min": [
                0
            ]
        },
        {
            "bufferView": 4,
            "byteOffset": 0,
            "componentType": 5123,
            "count": 1268,
            "type": "VEC4",
            "max": [
                33,
                32,
                32,
                33
            ],
            "min": [
                0,
                0,
                0,
                0
            ]
        },
        {
            "bufferView": 5,
            "byteOffset": 0,
            "componentType": 5126,
            "count": 1268,
            "type": "VEC4",
            "max": [
                1.0,
                0.4935767650604248,
                0.30830490589141846,
                0.24059049785137177
            ],
            "min": [
                0.25940951704978943,
                0.0,
                0.0,
                0.0
            ]
        },
        {
            "bufferView": 6,
            "byteOffset": 0,
            "componentType": 5126,
            "count": 34,
            "type": "MAT4",
            "max": [
                1.0000001192092896,
                0.39182063937187195,
                0.001753553282469511,
                0.0,
                0.30993181467056274,
                0.8362917900085449,
                0.9996027946472168,
                0.0,
                0.23972636461257935,
                0.9398906826972961,
                0.8362917900085449,
                0.0,
                0.756087064743042,
                1.2507754564285278,
                1.379125952720642,
                1.0
            ],
            "min": [
                0.9200398325920105,
                -0.3918205499649048,
                -0.0017535386141389608,
                0.0,
                -0.3099318742752075,
                -0.9949139356613159,
                -0.9398912191390991,
                0.0,
                -0.23972630500793457,
                -0.999602735042572,
                -0.9949135780334473,
                0.0,
                -0.7560868263244629,
                -1.9402214288711548,
                -1.952584147453308,
                1.0
            ]
        }
    ],
    "buffers": [
        {
            "byteLength": 104112,
            "uri": "horse_0.bin"
        }
    ],
    "bufferViews": [
        {
            "buffer": 0,
            "byteOffset": 0,
            "byteLength": 15216,
            "target": 34962
        },
        {
            "buffer": 0,
            "byteOffset": 15216,
            "byteLength": 15216,
            "target": 34962
        },
        {
            "buffer": 0,
            "byteOffset": 30432,
            "byteLength": 10144,
            "target": 34962
        },
        {
            "buffer": 0,
            "byteOffset": 40576,
            "byteLength": 20784,
            "target": 34963
        },
        {
            "buffer": 0,
            "byteOffset": 61360,
            "byteLength": 10144
        },
        {
            "buffer": 0,
            "byteOffset": 81648,
            "byteLength": 20288
        },
        {
            "buffer": 0,
            "byteOffset": 101936,
            "byteLength": 2176
        }
    ],
    "images": [
        {
            "uri": "image_horse.png"
        }
    ],
    "materials": [
        {
            "name": "material",
            "pbrMetallicRoughness": {
                "baseColorTexture": {
                    "index": 0
                },
                "metallicFactor": 0.0,
                "roughnessFactor": 0.5527864098548889
            },
            "doubleSided": true
        }
    ],
    "meshes": [
        {
            "name": "meshes[0]",
            "primitives": [
                {
                    "mode": 4,
                    "material": 0,
                    "indices": 3,
                    "attributes": {
                        "POSITION": 0,
                        "NORMAL": 1,
                        "TEXCOORD_0": 2,
                        "JOINTS_0": 4,
                        "WEIGHTS_0": 5
                    }
                }
            ]
        }
    ],
    "nodes": [
        {
            "name": "horse",
            "children": [
                1
            ]
        },
        {
            "name": "horse001",
            "children": [
                2,
                37
            ],
            "extras": {
                "name": "horse.001"
            }
        },
        {
            "name": "Root",
            "children": [
                3
            ],
            "extras": {
                "name": "Root"
            }
        },
        {
            "name": "spine005",
            "matrix": [
                1.0,
                -9.330097441306862e-7,
                1.974536161242213e-7,
                0.0,
                -1.324793681874159e-13,
                -0.20704533159732819,
                -0.978331446647644,
                0.0,
                9.536745437799254e-7,
                0.978331446647644,
                -0.20704533159732819,
                0.0,
                2.920558220127599e-16,
                1.3153024911880493,
                0.21950973570346832,
                1.0
            ],
            "children": [
                4,
                9,
                14,
                32
            ],
            "extras": {
                "name": "spine.005"
            }
        },
        {
            "name": "shoulderR",
            "matrix": [
                0.9985968470573425,
                0.03630795329809189,
                0.03854821249842644,
                0.0,
                0.05295500531792641,
                -0.6846944689750671,
                -0.7269039154052734,
                0.0,
                0.00000135468769713043,
                0.7279253005981445,
                -0.6856564283370972,
                0.0,
                0.11127865314483643,
                -0.04367789626121521,
                -0.005653468891978264,
                1.0
            ],
            "children": [
                5
            ],
            "extras": {
                "name": "shoulder.R"
            }
        },
        {
            "name": "thighR",
            "matrix": [
                0.9985968470573425,
                0.05295475572347641,
                6.284961955316248e-7,
                0.0,
                -0.007650591898709536,
                0.14425967633724213,
                0.9895104169845581,
                0.0,
                0.05239919573068619,
                -0.9881220459938049,
                0.14446240663528442,
                0.0,
                -2.60770320892334e-8,
                0.39601433277130127,
                3.326307762563374e-8,
                1.0
            ],
            "children": [
                6
            ],
            "extras": {
                "name": "thigh.R"
            }
        },
        {
            "name": "shinR",
            "matrix": [
                0.9981678128242493,
                0.016712049022316933,
                -0.05815278738737106,
                0.0,
                -0.06050652265548706,
                0.2757013440132141,
                -0.9593371748924255,
                0.0,
                3.125947216631175e-7,
                0.9610980749130249,
                0.2762073874473572,
                0.0,
                4.179511847723916e-9,
                0.4178028404712677,
                4.488781968348121e-8,
                1.0
            ],
            "children": [
                7
            ],
            "extras": {
                "name": "shin.R"
            }
        },
        {
            "name": "footR",
            "matrix": [
                0.9981676936149597,
                -0.06050664186477661,
                8.312215982186899e-8,
                0.0,
                0.0451572947204113,
                0.7449530363082886,
                0.6655868291854858,
                0.0,
                -0.04027249664068222,
                -0.6643674373626709,
                0.7463204860687256,
                0.0,
                -1.30385160446167e-8,
                0.34658271074295044,
                -3.945428161955533e-8,
                1.0
            ],
            "children": [
                8
            ],
            "extras": {
                "name": "foot.R"
            }
        },
        {
            "name": "toeR",
            "matrix": [
                1.0,
                2.3939344373502536e-7,
                6.563144694382572e-8,
                0.0,
                -2.3956908989930525e-7,
                0.8615528345108032,
                0.5076681971549988,
                0.0,
                6.498747495697899e-8,
                -0.507668137550354,
                0.8615527153015137,
                0.0,
                6.833880572543194e-9,
                0.3440632224082947,
                -2.6041202971782695e-8,
                1.0
            ],
            "extras": {
                "name": "toe.R"
            }
        },
        {
            "name": "spine004",
            "matrix": [
                1.0,
                -5.04184413330222e-7,
                0.0000017631757600611309,
                0.0,
                5.041847543907352e-7,
                -0.8488240838050842,
                -0.52867591381073,
                0.0,
                0.0000017631747368795914,
                0.5286757349967957,
                -0.8488237261772156,
                0.0,
                1.0756848745074876e-8,
                -0.14659571647644043,
                -0.011279478669166565,
                1.0
            ],
            "children": [
                10
            ],
            "extras": {
                "name": "spine.004"
            }
        },
        {
            "name": "spine003",
            "matrix": [
                1.0,
                5.174381385586457e-7,
                1.5257961649695062e-7,
                0.0,
                -5.17438024871808e-7,
                0.8400084972381592,
                0.5425733327865601,
                0.0,
                1.5257990071404492e-7,
                -0.5425733327865601,
                0.8400084972381592,
                0.0,
                -9.068914103840461e-14,
                0.29520484805107117,
                1.043081283569336e-7,
                1.0
            ],
            "children": [
                11
            ],
            "extras": {
                "name": "spine.003"
            }
        },
        {
            "name": "spine002",
            "matrix": [
                1.0,
                -1.4769459433239263e-8,
                1.1427381957362925e-10,
                0.0,
                1.4769458545060843e-8,
                0.9998800754547119,
                -0.015486882999539375,
                0.0,
                1.1447277847853599e-10,
                0.0154868820682168,
                0.9998800158500671,
                0.0,
                -3.38457221775966e-14,
                0.22039106488227844,
                5.960464477539063e-8,
                1.0
            ],
            "children": [
                12
            ],
            "extras": {
                "name": "spine.002"
            }
        },
        {
            "name": "spine001",
            "matrix": [
                1.0,
                -4.311055334937919e-8,
                9.750125151697375e-10,
                0.0,
                4.311055690209287e-8,
                0.9989777207374573,
                -0.04520474001765251,
                0.0,
                9.747851414942943e-10,
                0.04520474001765251,
                0.9989777207374573,
                0.0,
                1.3773444190734452e-13,
                0.19701609015464783,
                0.0,
                1.0
            ],
            "children": [
                13
            ],
            "extras": {
                "name": "spine.001"
            }
        },
        {
            "name": "spine",
            "matrix": [
                1.0,
                2.6296282484850053e-8,
                3.6252567614525333e-10,
                0.0,
                -2.6296280708493214e-8,
                0.9996197819709778,
                0.027573632076382637,
                0.0,
                3.6269620640183575e-10,
                -0.027573632076382637,
                0.9996197819709778,
                0.0,
                1.333212511743509e-13,
                0.17745791375637054,
                -1.1920928955078125e-7,
                1.0
            ],
            "extras": {
                "name": "spine"
            }
        },
        {
            "name": "spine006",
            "matrix": [
                1.0,
                1.710845509705905e-7,
                1.5471405490075085e-8,
                0.0,
                -1.710845509705905e-7,
                0.9837770462036133,
                0.17939509451389313,
                0.0,
                1.5471311343162597e-8,
                -0.17939509451389313,
                0.9837770462036133,
                0.0,
                -4.6781399283893355e-14,
                0.24710798263549805,
                -7.031485438346863e-8,
                1.0
            ],
            "children": [
                15
            ],
            "extras": {
                "name": "spine.006"
            }
        },
        {
            "name": "spine007",
            "matrix": [
                1.0,
                1.8595130768517265e-7,
                1.830429674498646e-8,
                0.0,
                -1.8595127926346322e-7,
                0.9808063507080078,
                0.1949840635061264,
                0.0,
                1.8304573856653406e-8,
                -0.1949840784072876,
                0.9808064103126526,
                0.0,
                -8.685828884478011e-14,
                0.257660448551178,
                9.12696123123169e-8,
                1.0
            ],
            "children": [
                16,
                21,
                27
            ],
            "extras": {
                "name": "spine.007"
            }
        },
        {
            "name": "front_shoulderR",
            "matrix": [
                0.9988852739334106,
                -0.02055020071566105,
                0.04249265044927597,
                0.0,
                0.04720102250576019,
                0.4348872900009155,
                -0.8992469906806946,
                0.0,
                1.9136265905217442e-7,
                0.9002504944801331,
                0.43537259101867676,
                0.0,
                0.13426682353019714,
                0.2711213529109955,
                -0.015239096246659756,
                1.0
            ],
            "children": [
                17
            ],
            "extras": {
                "name": "front_shoulder.R"
            }
        },
        {
            "name": "front_thighR",
            "matrix": [
                0.998885452747345,
                0.04719971492886543,
                4.803275146514352e-7,
                0.0,
                -0.012262494303286076,
                0.25952044129371643,
                -0.9656597971916199,
                0.0,
                -0.045578986406326294,
                0.9645834565162659,
                0.2598099410533905,
                0.0,
                -1.30385160446167e-8,
                0.35474729537963867,
                3.181125407536456e-8,
                1.0
            ],
            "children": [
                18
            ],
            "extras": {
                "name": "front_thigh.R"
            }
        },
        {
            "name": "front_shinR",
            "matrix": [
                0.9986860752105713,
                0.033284593373537064,
                0.03896534815430641,
                0.0,
                -0.05124609172344208,
                0.648648202419281,
                0.7593609690666199,
                0.0,
                2.2049350434372172e-7,
                -0.7603601217269897,
                0.6495016813278198,
                0.0,
                1.8309734173271863e-8,
                0.27538666129112244,
                1.592828624552567e-8,
                1.0
            ],
            "children": [
                19
            ],
            "extras": {
                "name": "front_shin.R"
            }
        },
        {
            "name": "front_footR",
            "matrix": [
                0.9986860752105713,
                -0.05124597251415253,
                1.157326678935533e-7,
                0.0,
                0.04448265954852104,
                0.8668808937072754,
                -0.49652644991874695,
                0.0,
                0.025444883853197098,
                0.4958741366863251,
                0.868021547794342,
                0.0,
                3.725290298461914e-9,
                0.32674211263656616,
                -2.604537030492793e-9,
                1.0
            ],
            "children": [
                20
            ],
            "extras": {
                "name": "front_foot.R"
            }
        },
        {
            "name": "front_toeR",
            "matrix": [
                1.0,
                3.6641145584326296e-7,
                1.704688088466355e-7,
                0.0,
                -3.6326454733170976e-7,
                0.6301755309104919,
                0.7764528393745422,
                0.0,
                1.7707590416193852e-7,
                -0.7764527797698975,
                0.6301754713058472,
                0.0,
                -7.242277888508397e-10,
                0.31911301612854004,
                2.3772408042077586e-8,
                1.0
            ],
            "extras": {
                "name": "front_toe.R"
            }
        },
        {
            "name": "spine008",
            "matrix": [
                1.0,
                6.988513518990658e-7,
                3.0475089829451463e-7,
                0.0,
                -6.988513518990658e-7,
                0.6804456114768982,
                0.7327985763549805,
                0.0,
                3.0475081302938634e-7,
                -0.7327985763549805,
                0.6804456114768982,
                0.0,
                4.222706451173508e-8,
                0.3344728648662567,
                -0.04427839815616608,
                1.0
            ],
            "children": [
                22
            ],
            "extras": {
                "name": "spine.008"
            }
        },
        {
            "name": "spine009",
            "matrix": [
                1.0,
                -1.807380698437555e-7,
                1.728302123638059e-8,
                0.0,
                1.8073804142204608e-7,
                0.981877326965332,
                -0.18951734900474548,
                0.0,
                1.7283191766637174e-8,
                0.18951736390590668,
                0.9818773865699768,
                0.0,
                -3.773058796820161e-14,
                0.20688185095787048,
                4.470348358154297e-8,
                1.0
            ],
            "children": [
                23
            ],
            "extras": {
                "name": "spine.009"
            }
        },
        {
            "name": "spine010",
            "matrix": [
                1.0,
                -2.0059248129200569e-7,
                2.1334672695161316e-8,
                0.0,
                2.0059248129200569e-7,
                0.9776289463043213,
                -0.21033652126789093,
                0.0,
                2.1334532362971004e-8,
                0.21033653616905212,
                0.9776290059089661,
                0.0,
                -1.0051861957811187e-13,
                0.19389498233795166,
                5.960464477539063e-8,
                1.0
            ],
            "children": [
                24
            ],
            "extras": {
                "name": "spine.010"
            }
        },
        {
            "name": "scull",
            "matrix": [
                1.0,
                -9.24627784115728e-7,
                7.200973755061568e-7,
                0.0,
                9.246278409591469e-7,
                0.24492324888706207,
                -0.9695425033569336,
                0.0,
                7.200972618193191e-7,
                0.9695425033569336,
                0.24492324888706207,
                0.0,
                8.966740246358143e-14,
                0.20561623573303223,
                -5.960464477539063e-8,
                1.0
            ],
            "children": [
                25,
                26
            ],
            "extras": {
                "name": "scull"
            }
        },
        {
            "name": "earR",
            "matrix": [
                0.9200403094291687,
                0.030179889872670174,
                -0.39065971970558167,
                0.0,
                0.3918197751045227,
                -0.0664023905992508,
                0.9176425337791443,
                0.0,
                0.001753607764840126,
                -0.9973363876342773,
                -0.07291796058416367,
                0.0,
                0.06487913429737091,
                0.051766008138656616,
                0.11113059520721436,
                1.0
            ],
            "extras": {
                "name": "ear.R"
            }
        },
        {
            "name": "earL",
            "matrix": [
                0.9200395941734314,
                -0.03017989918589592,
                0.3906613290309906,
                0.0,
                -0.3918214440345764,
                -0.06640257686376572,
                0.9176419377326965,
                0.0,
                -0.0017534272046759725,
                -0.9973363280296326,
                -0.0729181244969368,
                0.0,
                -0.06487935781478882,
                0.051766008138656616,
                0.1111304759979248,
                1.0
            ],
            "extras": {
                "name": "ear.L"
            }
        },
        {
            "name": "front_shoulderL",
            "matrix": [
                0.998885452747345,
                0.02055022120475769,
                -0.04249078035354614,
                0.0,
                -0.047199346125125885,
                0.4348873198032379,
                -0.8992470502853394,
                0.0,
                -0.000001024451307785057,
                0.9002503752708435,
                0.43537259101867676,
                0.0,
                -0.13426679372787476,
                0.2711212933063507,
                -0.015239336527884007,
                1.0
            ],
            "children": [
                28
            ],
            "extras": {
                "name": "front_shoulder.L"
            }
        },
        {
            "name": "front_thighL",
            "matrix": [
                0.998885452747345,
                -0.04719975218176842,
                -4.814149292542425e-7,
                0.0,
                0.012262502685189247,
                0.25952041149139404,
                -0.9656597375869751,
                0.0,
                0.04557901993393898,
                0.9645833969116211,
                0.2598099410533905,
                0.0,
                1.862645149230957e-9,
                0.35474729537963867,
                -2.7230818488988007e-8,
                1.0
            ],
            "children": [
                29
            ],
            "extras": {
                "name": "front_thigh.L"
            }
        },
        {
            "name": "front_shinL",
            "matrix": [
                0.9986860752105713,
                -0.033284593373537064,
                -0.03896535187959671,
                0.0,
                0.051246095448732376,
                0.6486482620239258,
                0.7593610286712646,
                0.0,
                -2.1711144881919608e-7,
                -0.7603601217269897,
                0.649501621723175,
                0.0,
                -6.6899161765832105e-9,
                0.27538660168647766,
                -1.0508792058772087e-8,
                1.0
            ],
            "children": [
                30
            ],
            "extras": {
                "name": "front_shin.L"
            }
        },
        {
            "name": "front_footL",
            "matrix": [
                0.9986860752105713,
                0.051245998591184616,
                -1.1483967909953208e-7,
                0.0,
                -0.04448268190026283,
                0.8668808937072754,
                -0.4965267777442932,
                0.0,
                -0.02544490434229374,
                0.4958743453025818,
                0.8680213689804077,
                0.0,
                4.6566128730773926e-9,
                0.326742023229599,
                -3.22975779454282e-9,
                1.0
            ],
            "children": [
                31
            ],
            "extras": {
                "name": "front_foot.L"
            }
        },
        {
            "name": "front_toeL",
            "matrix": [
                1.0,
                -3.6634767752730113e-7,
                -1.7244308025965438e-7,
                0.0,
                3.6475722708928515e-7,
                0.6301752924919128,
                0.7764530777931213,
                0.0,
                -1.7578234690063255e-7,
                -0.7764530181884766,
                0.6301752328872681,
                0.0,
                1.617674882936626e-9,
                0.3191129267215729,
                7.222539721851717e-8,
                1.0
            ],
            "extras": {
                "name": "front_toe.L"
            }
        },
        {
            "name": "shoulderL",
            "matrix": [
                0.9985969662666321,
                -0.036307986825704575,
                -0.038546279072761536,
                0.0,
                -0.05295361205935478,
                -0.6846943497657776,
                -0.726904034614563,
                0.0,
                -1.130249671632555e-9,
                0.7279251217842102,
                -0.6856561899185181,
                0.0,
                -0.11127863824367523,
                -0.04367789626121521,
                -0.005653681233525276,
                1.0
            ],
            "children": [
                33
            ],
            "extras": {
                "name": "shoulder.L"
            }
        },
        {
            "name": "thighL",
            "matrix": [
                0.9985969066619873,
                -0.05295476317405701,
                -6.054675623090588e-7,
                0.0,
                0.007650577463209629,
                0.14425981044769287,
                0.9895102381706238,
                0.0,
                -0.05239919200539589,
                -0.9881219267845154,
                0.14446254074573517,
                0.0,
                1.862645149230957e-9,
                0.3960142731666565,
                -3.2746193312505056e-8,
                1.0
            ],
            "children": [
                34
            ],
            "extras": {
                "name": "thigh.L"
            }
        },
        {
            "name": "shinL",
            "matrix": [
                0.9981678128242493,
                -0.01671205274760723,
                0.05815279111266136,
                0.0,
                0.06050652638077736,
                0.2757016122341156,
                -0.9593372344970703,
                0.0,
                -3.3971042512348504e-7,
                0.9610981345176697,
                0.27620765566825867,
                0.0,
                -5.455589757730195e-9,
                0.4178028404712677,
                -2.2602364424528787e-8,
                1.0
            ],
            "children": [
                35
            ],
            "extras": {
                "name": "shin.L"
            }
        },
        {
            "name": "footL",
            "matrix": [
                0.9981677532196045,
                0.06050664186477661,
                -1.1441455427529945e-7,
                0.0,
                -0.04515726864337921,
                0.7449529767036438,
                0.6655866503715515,
                0.0,
                0.04027250409126282,
                -0.6643672585487366,
                0.7463204860687256,
                0.0,
                -3.725290298461914e-9,
                0.3465827405452728,
                1.9735846734647566e-8,
                1.0
            ],
            "children": [
                36
            ],
            "extras": {
                "name": "foot.L"
            }
        },
        {
            "name": "toeL",
            "matrix": [
                1.0,
                -2.4350134708583937e-7,
                -6.459469403807816e-8,
                0.0,
                2.425819047857658e-7,
                0.8615527153015137,
                0.507668137550354,
                0.0,
                -6.796613405413154e-8,
                -0.507668137550354,
                0.8615527153015137,
                0.0,
                -6.4045644343480035e-9,
                0.3440633714199066,
                6.977675326425015e-9,
                1.0
            ],
            "extras": {
                "name": "toe.L"
            }
        },
        {
            "name": "horse_001",
            "mesh": 0,
            "skin": 0,
            "extras": {
                "name": "horse_001"
            }
        }
    ],
    "samplers": [
        {
            "magFilter": 9729,
            "minFilter": 9987
        }
    ],
    "scenes": [
        {
            "nodes": [
                0
            ]
        }
    ],
    "skins": [
        {
            "name": "skin",
            "joints": [
                3,
                4,
                5,
                6,
                7,
                8,
                9,
                10,
                11,
                12,
                13,
                14,
                15,
                16,
                17,
                18,
                19,
                20,
                21,
                22,
                23,
                24,
                25,
                26,
                27,
                28,
                29,
                30,
                31,
                32,
                33,
                34,
                35,
                36
            ],
            "inverseBindMatrices": 6
        }
    ],
    "textures": [
        {
            "source": 0,
            "sampler": 0
        }
    ],
    "scene": 0
}