{
    "asset": {
        "version": "2.0",
        "generator": "Open Asset Import Library (assimp v5.4.0)"
    },
    "extensionsUsed": [
        "KHR_materials_volume",
        "FB_ngon_encoding"
    ],
    "accessors": [
        {
            "bufferView": 0,
            "byteOffset": 0,
            "componentType": 5126,
            "count": 689,
            "type": "VEC3",
            "max": [
                0.29030221700668335,
                1.2836320400238037,
                0.5133519768714905
            ],
            "min": [
                -0.29030221700668335,
                0.0,
                -0.38903480768203735
            ]
        },
        {
            "bufferView": 1,
            "byteOffset": 0,
            "componentType": 5126,
            "count": 689,
            "type": "VEC3",
            "max": [
                0.9993078708648682,
                0.9999891519546509,
                0.9986293911933899
            ],
            "min": [
                -0.9993078708648682,
                -1.0,
                -0.9995855093002319
            ]
        },
        {
            "bufferView": 2,
            "byteOffset": 0,
            "componentType": 5126,
            "count": 689,
            "type": "VEC2",
            "max": [
                0.886879563331604,
                0.5293847322463989
            ],
            "min": [
                0.03044281341135502,
                0.2253645658493042
            ]
        },
        {
            "bufferView": 3,
            "byteOffset": 0,
            "componentType": 5125,
            "count": 2454,
            "type": "SCALAR",
            "max": [
                688
            ],
            "min": [
                0
            ]
        },
        {
            "bufferView": 4,
            "byteOffset": 0,
            "componentType": 5123,
            "count": 689,
            "type": "VEC4",
            "max": [
                19,
                19,
                19,
                19
            ],
            "min": [
                1,
                0,
                0,
                0
            ]
        },
        {
            "bufferView": 5,
            "byteOffset": 0,
            "componentType": 5126,
            "count": 689,
            "type": "VEC4",
            "max": [
                1.0,
                0.4205349087715149,
                0.30095797777175903,
                0.21566568315029144
            ],
            "min": [
                0.30863767862319946,
                0.0,
                0.0,
                0.0
            ]
        },
        {
            "bufferView": 6,
            "byteOffset": 0,
            "componentType": 5126,
            "count": 20,
            "type": "MAT4",
            "max": [
                1.0,
                0.7084974050521851,
                0.08695624023675919,
                0.0,
                0.6371765732765198,
                1.0,
                0.9999939799308777,
                0.0,
                0.3217701315879822,
                0.8728418946266174,
                1.0,
                0.0,
                0.6703133583068848,
                0.7603467702865601,
                0.35468748211860657,
                1.0
            ],
            "min": [
                0.7003356218338013,
                -0.7084974646568298,
                -0.08695629239082336,
                0.0,
                -0.6371766924858093,
                -0.9995543956756592,
                -0.8728418946266174,
                0.0,
                -0.32177016139030457,
                -0.9999940395355225,
                -0.999554455280304,
                0.0,
                -0.6703131198883057,
                -0.6580002307891846,
                -1.0868268013000488,
                1.0
            ]
        }
    ],
    "buffers": [
        {
            "byteLength": 55192,
            "uri": "penguin_0.bin"
        }
    ],
    "bufferViews": [
        {
            "buffer": 0,
            "byteOffset": 0,
            "byteLength": 8268,
            "target": 34962
        },
        {
            "buffer": 0,
            "byteOffset": 8268,
            "byteLength": 8268,
            "target": 34962
        },
        {
            "buffer": 0,
            "byteOffset": 16536,
            "byteLength": 5512,
            "target": 34962
        },
        {
            "buffer": 0,
            "byteOffset": 22048,
            "byteLength": 9816,
            "target": 34963
        },
        {
            "buffer": 0,
            "byteOffset": 31864,
            "byteLength": 5512
        },
        {
            "buffer": 0,
            "byteOffset": 42888,
            "byteLength": 11024
        },
        {
            "buffer": 0,
            "byteOffset": 53912,
            "byteLength": 1280
        }
    ],
    "images": [
        {
            "uri": "image_penguin.png"
        }
    ],
    "materials": [
        {
            "name": "material",
            "pbrMetallicRoughness": {
                "baseColorTexture": {
                    "index": 0
                },
                "metallicFactor": 0.0,
                "roughnessFactor": 0.5527864098548889
            },
            "doubleSided": true
        }
    ],
    "meshes": [
        {
            "name": "meshes[0]",
            "primitives": [
                {
                    "mode": 4,
                    "material": 0,
                    "indices": 3,
                    "attributes": {
                        "POSITION": 0,
                        "NORMAL": 1,
                        "TEXCOORD_0": 2,
                        "JOINTS_0": 4,
                        "WEIGHTS_0": 5
                    }
                }
            ]
        }
    ],
    "nodes": [
        {
            "name": "penguin",
            "children": [
                1
            ]
        },
        {
            "name": "pinguin001",
            "children": [
                2,
                22
            ],
            "extras": {
                "name": "pinguin.001"
            }
        },
        {
            "name": "Root",
            "children": [
                3
            ],
            "extras": {
                "name": "Root"
            }
        },
        {
            "name": "spine002",
            "matrix": [
                1.0,
                1.520967432547794e-16,
                -1.5330213731317127e-16,
                0.0,
                -1.5330212407828147e-16,
                0.9999687671661377,
                -0.007893750444054604,
                0.0,
                1.520967300198896e-16,
                0.007893750444054604,
                0.9999687671661377,
                0.0,
                6.75891396099447e-17,
                0.3043944239616394,
                0.2502458989620209,
                1.0
            ],
            "children": [
                4,
                7,
                9,
                19
            ],
            "extras": {
                "name": "spine.002"
            }
        },
        {
            "name": "thighR",
            "matrix": [
                1.0,
                -1.8134318950180448e-16,
                4.962319360432167e-17,
                0.0,
                3.600201821525843e-24,
                -0.2639389932155609,
                -0.9645394682884216,
                0.0,
                1.8801014612497368e-16,
                0.9645394682884216,
                -0.2639389932155609,
                0.0,
                0.12364426255226135,
                -0.029230976477265358,
                0.02118459716439247,
                1.0
            ],
            "children": [
                5
            ],
            "extras": {
                "name": "thigh.R"
            }
        },
        {
            "name": "shinR",
            "matrix": [
                1.0,
                -1.0624088750204883e-16,
                1.1818559465283776e-23,
                0.0,
                3.1888275835062247e-17,
                0.3001505136489868,
                -0.9538920521736145,
                0.0,
                1.013423172970649e-16,
                0.953891932964325,
                0.30015048384666443,
                0.0,
                -7.450580596923828e-9,
                0.22473247349262238,
                2.7939677238464355e-9,
                1.0
            ],
            "children": [
                6
            ],
            "extras": {
                "name": "shin.R"
            }
        },
        {
            "name": "footR",
            "matrix": [
                1.0,
                -1.5255891979633944e-25,
                -9.931154332063913e-25,
                0.0,
                9.976460586003019e-25,
                0.033310141414403915,
                0.9994450807571411,
                0.0,
                -1.1939340775190807e-25,
                -0.9994450807571411,
                0.033310141414403915,
                0.0,
                0.0,
                0.1998574584722519,
                -2.5029294192790985e-9,
                1.0
            ],
            "extras": {
                "name": "foot.R"
            }
        },
        {
            "name": "spine001",
            "matrix": [
                1.0,
                2.8370789095788496e-7,
                3.832536492609506e-7,
                0.0,
                1.293280058240788e-14,
                -0.8037415146827698,
                0.5949787497520447,
                0.0,
                4.768369876728684e-7,
                -0.5949787497520447,
                -0.803741455078125,
                0.0,
                -3.9496537525537186e-17,
                -0.0920400619506836,
                0.03292614221572876,
                1.0
            ],
            "children": [
                8
            ],
            "extras": {
                "name": "spine.001"
            }
        },
        {
            "name": "spine",
            "matrix": [
                1.0,
                -9.631622788219829e-8,
                2.5873924869301845e-7,
                0.0,
                1.9263235628841358e-7,
                0.9147681593894958,
                -0.40397951006889343,
                0.0,
                -1.9777667148446199e-7,
                0.40397951006889343,
                0.9147681593894958,
                0.0,
                2.1392088133450476e-14,
                0.13380572199821472,
                -1.4901161193847656e-8,
                1.0
            ],
            "extras": {
                "name": "spine"
            }
        },
        {
            "name": "spine003",
            "matrix": [
                1.0,
                1.7478186009611818e-8,
                2.3777707269800885e-7,
                0.0,
                0.0,
                0.9973092675209045,
                -0.07330882549285889,
                0.0,
                -2.384185791015625e-7,
                0.07330881804227829,
                0.9973092079162598,
                0.0,
                -6.617444900424222e-24,
                0.22532351315021515,
                -9.313225746154785e-9,
                1.0
            ],
            "children": [
                10
            ],
            "extras": {
                "name": "spine.003"
            }
        },
        {
            "name": "spine004",
            "matrix": [
                1.0,
                5.3427246626824854e-8,
                -6.063366697617312e-9,
                0.0,
                -5.342725017953853e-8,
                0.9745684266090393,
                -0.22409012913703918,
                0.0,
                -6.0633524867625965e-9,
                0.22409012913703918,
                0.9745684266090393,
                0.0,
                5.323697364699844e-15,
                0.23420964181423187,
                2.2351741790771484e-8,
                1.0
            ],
            "children": [
                11,
                14,
                16
            ],
            "extras": {
                "name": "spine.004"
            }
        },
        {
            "name": "finR",
            "matrix": [
                0.7003358006477356,
                0.510007381439209,
                0.4994221329689026,
                0.0,
                0.7084973454475403,
                -0.4114195704460144,
                -0.5733807682991028,
                0.0,
                -0.08695640414953232,
                0.7553982734680176,
                -0.6494706273078918,
                0.0,
                0.07591034471988678,
                0.21616694331169128,
                -0.10649826377630234,
                1.0
            ],
            "children": [
                12
            ],
            "extras": {
                "name": "fin.R"
            }
        },
        {
            "name": "fin001R",
            "matrix": [
                0.8140091896057129,
                0.5808403491973877,
                0.003632001578807831,
                0.0,
                -0.5094190239906311,
                0.7168933153152466,
                -0.4759792685508728,
                0.0,
                -0.27907171845436096,
                0.38560131192207336,
                0.8794488906860352,
                0.0,
                -4.0046870708465576e-8,
                0.20439229905605316,
                -5.21540641784668e-8,
                1.0
            ],
            "children": [
                13
            ],
            "extras": {
                "name": "fin.001.R"
            }
        },
        {
            "name": "fin002R",
            "matrix": [
                0.9896253943443298,
                0.14367103576660156,
                0.0004880224878434092,
                0.0,
                -0.1436711549758911,
                0.9896254539489746,
                0.00022211730538401753,
                0.0,
                -0.00045104773016646504,
                -0.0002899277023971081,
                1.0,
                0.0,
                3.3178366720676422e-9,
                0.2666638493537903,
                9.74978320300579e-9,
                1.0
            ],
            "extras": {
                "name": "fin.002.R"
            }
        },
        {
            "name": "spine005",
            "matrix": [
                1.0,
                1.0375732983902708e-7,
                -2.3761106859865322e-8,
                0.0,
                -1.037573440498818e-7,
                0.9003388285636902,
                -0.4351898431777954,
                0.0,
                -2.3761089096296928e-8,
                0.4351898431777954,
                0.9003388285636902,
                0.0,
                -5.37308732645865e-18,
                0.2196536511182785,
                0.0,
                1.0
            ],
            "children": [
                15
            ],
            "extras": {
                "name": "spine.005"
            }
        },
        {
            "name": "scull",
            "matrix": [
                1.0,
                1.2097540036393184e-7,
                -3.297178352568153e-8,
                0.0,
                -1.2097538615307712e-7,
                0.8617062568664551,
                -0.5074074864387512,
                0.0,
                -3.297181905281832e-8,
                0.5074074864387512,
                0.8617062568664551,
                0.0,
                9.09845607194185e-15,
                0.2113901674747467,
                3.818422555923462e-8,
                1.0
            ],
            "extras": {
                "name": "scull"
            }
        },
        {
            "name": "finL",
            "matrix": [
                0.7003353834152222,
                -0.510007381439209,
                -0.4994223713874817,
                0.0,
                -0.7084977626800537,
                -0.41141971945762634,
                -0.5733803510665894,
                0.0,
                0.08695601671934128,
                0.755398154258728,
                -0.6494708061218262,
                0.0,
                -0.07591038942337036,
                0.21616694331169128,
                -0.10649823397397995,
                1.0
            ],
            "children": [
                17
            ],
            "extras": {
                "name": "fin.L"
            }
        },
        {
            "name": "fin001L",
            "matrix": [
                0.8140093088150024,
                -0.580840528011322,
                -0.0036320423241704702,
                0.0,
                0.5094190835952759,
                0.7168932557106018,
                -0.47597914934158325,
                0.0,
                0.27907174825668335,
                0.3856012225151062,
                0.8794490098953247,
                0.0,
                4.6100467443466187e-8,
                0.20439229905605316,
                2.2351741790771484e-8,
                1.0
            ],
            "children": [
                18
            ],
            "extras": {
                "name": "fin.001.L"
            }
        },
        {
            "name": "fin002L",
            "matrix": [
                0.9896253943443298,
                -0.14367106556892395,
                -0.00048801215598359704,
                0.0,
                0.1436711847782135,
                0.9896254539489746,
                0.0002222229668404907,
                0.0,
                0.00045102229341864586,
                -0.0002900308172684163,
                1.0,
                0.0,
                -3.451714292168617e-8,
                0.2666637897491455,
                7.799826562404633e-9,
                1.0
            ],
            "extras": {
                "name": "fin.002.L"
            }
        },
        {
            "name": "thighL",
            "matrix": [
                1.0,
                -1.8134318950180448e-16,
                4.962319360432167e-17,
                0.0,
                3.600201821525843e-24,
                -0.2639389932155609,
                -0.9645394682884216,
                0.0,
                1.8801014612497368e-16,
                0.9645394682884216,
                -0.2639389932155609,
                0.0,
                -0.12364426255226135,
                -0.029230976477265358,
                0.02118459716439247,
                1.0
            ],
            "children": [
                20
            ],
            "extras": {
                "name": "thigh.L"
            }
        },
        {
            "name": "shinL",
            "matrix": [
                1.0,
                -1.0624088750204883e-16,
                1.1818559465283776e-23,
                0.0,
                3.1888275835062247e-17,
                0.3001505136489868,
                -0.9538920521736145,
                0.0,
                1.013423172970649e-16,
                0.953891932964325,
                0.30015048384666443,
                0.0,
                7.450580596923828e-9,
                0.22473247349262238,
                2.7939677238464355e-9,
                1.0
            ],
            "children": [
                21
            ],
            "extras": {
                "name": "shin.L"
            }
        },
        {
            "name": "footL",
            "matrix": [
                1.0,
                -1.5255891979633944e-25,
                -9.931154332063913e-25,
                0.0,
                9.976460586003019e-25,
                0.033310141414403915,
                0.9994450807571411,
                0.0,
                -1.1939340775190807e-25,
                -0.9994450807571411,
                0.033310141414403915,
                0.0,
                0.0,
                0.1998574584722519,
                -2.5029294192790985e-9,
                1.0
            ],
            "extras": {
                "name": "foot.L"
            }
        },
        {
            "name": "pinguin_001",
            "mesh": 0,
            "skin": 0,
            "extras": {
                "name": "pinguin_001"
            }
        }
    ],
    "samplers": [
        {
            "magFilter": 9729,
            "minFilter": 9987
        }
    ],
    "scenes": [
        {
            "nodes": [
                0
            ]
        }
    ],
    "skins": [
        {
            "name": "skin",
            "joints": [
                2,
                3,
                4,
                5,
                6,
                7,
                8,
                9,
                10,
                11,
                12,
                13,
                14,
                15,
                16,
                17,
                18,
                19,
                20,
                21
            ],
            "inverseBindMatrices": 6
        }
    ],
    "textures": [
        {
            "source": 0,
            "sampler": 0
        }
    ],
    "scene": 0
}